# intrinsicKT pT0isr mpipt0 mpias crr ATLAS_2014_I1300647/d01-x01-y01 [26 bins]
6.661570e-01 2.666723e+00 1.539020e+00 1.157945e-01 7.744095e-01 6.133513e-03 5.026342e-03 2.434353e-03 7.325868e-04 6.602689e-04 8.752829e-04 8.902736e-04 9.224122e-04 8.903971e-04 8.028740e-04 6.929051e-04 5.783027e-04 4.836954e-04 4.027448e-04 3.293294e-04 2.799338e-04 2.347759e-04 1.991526e-04 1.642486e-04 1.152641e-04 8.195008e-05 4.976268e-05 1.891840e-05 6.058091e-06 1.269833e-06 6.863985e-08
2.491128e+00 3.397000e+00 1.635097e+00 1.245782e-01 3.300116e-02 2.370645e-03 4.958599e-03 4.033606e-03 1.834765e-03 5.035144e-04 7.247504e-04 8.655818e-04 8.980622e-04 8.916542e-04 8.109073e-04 6.985815e-04 5.871907e-04 4.867068e-04 4.038956e-04 3.324510e-04 2.791098e-04 2.364728e-04 2.006841e-04 1.627903e-04 1.172782e-04 8.017240e-05 4.970732e-05 1.905350e-05 6.095839e-06 1.240499e-06 6.761642e-08
4.171829e-01 1.159843e+00 2.297835e+00 1.192757e-01 8.196141e+00 5.175570e-03 5.219741e-03 2.723606e-03 8.250989e-04 6.101531e-04 8.054266e-04 8.672264e-04 9.135734e-04 8.902349e-04 8.156040e-04 6.792295e-04 5.883205e-04 4.851411e-04 3.986564e-04 3.391827e-04 2.771383e-04 2.382975e-04 2.024107e-04 1.637672e-04 1.174601e-04 8.119940e-05 4.928681e-05 1.894357e-05 6.070965e-06 1.222670e-06 6.837383e-08
1.976841e+00 2.742514e+00 1.415111e+00 1.294182e-01 1.660678e+00 2.929591e-03 5.437774e-03 3.739673e-03 1.505148e-03 5.318518e-04 7.438224e-04 8.932016e-04 9.123493e-04 8.852061e-04 8.176545e-04 6.832372e-04 5.859029e-04 4.869530e-04 4.045109e-04 3.352282e-04 2.791943e-04 2.358636e-04 2.000873e-04 1.626554e-04 1.172773e-04 8.136883e-05 4.877823e-05 1.906888e-05 6.146551e-06 1.211538e-06 7.030401e-08
1.112121e+00 2.826334e+00 1.441924e+00 1.213209e-01 8.547150e+00 4.785783e-03 5.699528e-03 2.801520e-03 7.596713e-04 6.473072e-04 8.471144e-04 9.001870e-04 9.225463e-04 8.926822e-04 8.005438e-04 6.863209e-04 5.842394e-04 4.851172e-04 3.955743e-04 3.336175e-04 2.769958e-04 2.366173e-04 1.984577e-04 1.651964e-04 1.171584e-04 7.958959e-05 4.928516e-05 1.895002e-05 6.024879e-06 1.227294e-06 6.755069e-08
1.147201e+00 2.284924e+00 1.758562e+00 1.127055e-01 7.738800e+00 4.591927e-03 5.657362e-03 2.868723e-03 8.204546e-04 6.236926e-04 8.327586e-04 8.864258e-04 8.968895e-04 8.882123e-04 8.089744e-04 6.939223e-04 5.846750e-04 4.829970e-04 4.028358e-04 3.299410e-04 2.816268e-04 2.342985e-04 2.020730e-04 1.635432e-04 1.159798e-04 8.062949e-05 4.942618e-05 1.912397e-05 6.044437e-06 1.226096e-06 6.839442e-08
2.188810e+00 2.972253e+00 1.317219e+00 1.159951e-01 2.742211e+00 2.612619e-03 5.356333e-03 3.839400e-03 1.613440e-03 4.885259e-04 7.507018e-04 8.640645e-04 9.243134e-04 8.956332e-04 8.101189e-04 6.939368e-04 5.785042e-04 4.936509e-04 4.002659e-04 3.265044e-04 2.819143e-04 2.371356e-04 1.984033e-04 1.649814e-04 1.163153e-04 8.038004e-05 4.949137e-05 1.872221e-05 6.040931e-06 1.259426e-06 6.621023e-08
1.752861e+00 5.831248e-01 2.493955e+00 1.230544e-01 1.819667e+00 3.251600e-03 5.569159e-03 3.494448e-03 1.270907e-03 5.475263e-04 7.775919e-04 8.476266e-04 8.868867e-04 9.003243e-04 8.197548e-04 6.978397e-04 5.860818e-04 4.855440e-04 4.048696e-04 3.343564e-04 2.832797e-04 2.348434e-04 2.012446e-04 1.637703e-04 1.176520e-04 8.207647e-05 4.958046e-05 1.898690e-05 6.099016e-06 1.228951e-06 6.892337e-08
1.107780e+00 1.593006e+00 1.845283e+00 1.228598e-01 7.731611e+00 4.255949e-03 5.714643e-03 3.022375e-03 8.979976e-04 5.891794e-04 8.162026e-04 8.924807e-04 9.194820e-04 8.745643e-04 8.086424e-04 6.985833e-04 5.818477e-04 4.851303e-04 4.010501e-04 3.314008e-04 2.834700e-04 2.325134e-04 2.024046e-04 1.652189e-04 1.160825e-04 8.155114e-05 4.942716e-05 1.904405e-05 6.053720e-06 1.248100e-06 6.765514e-08
1.745101e+00 3.422769e+00 1.468709e+00 1.188500e-01 7.652828e+00 3.408706e-03 5.801891e-03 3.403697e-03 1.114902e-03 6.121199e-04 8.217509e-04 8.900333e-04 9.243645e-04 9.018061e-04 7.967981e-04 6.998462e-04 5.784589e-04 4.837424e-04 4.034258e-04 3.317538e-04 2.790975e-04 2.322864e-04 2.011071e-04 1.651872e-04 1.159836e-04 8.071196e-05 4.905123e-05 1.895942e-05 5.994511e-06 1.237681e-06 6.908168e-08
2.345500e+00 2.856601e+00 2.069760e+00 1.194580e-01 6.007235e+00 2.635029e-03 5.275204e-03 3.920497e-03 1.618659e-03 4.914218e-04 7.709738e-04 8.891531e-04 9.120188e-04 8.898601e-04 8.112385e-04 6.916515e-04 5.844476e-04 4.893632e-04 4.027673e-04 3.284464e-04 2.781246e-04 2.353730e-04 2.040433e-04 1.625040e-04 1.171222e-04 8.075695e-05 4.977491e-05 1.883430e-05 6.156920e-06 1.221135e-06 6.871736e-08
1.453749e+00 6.650003e-01 1.324409e+00 1.203775e-01 2.657283e+00 3.373309e-03 5.621229e-03 3.435595e-03 1.198779e-03 5.610714e-04 7.843000e-04 8.782781e-04 8.764874e-04 8.864873e-04 8.186224e-04 6.993015e-04 5.823145e-04 4.881188e-04 4.057523e-04 3.362976e-04 2.804573e-04 2.334733e-04 2.043006e-04 1.658741e-04 1.177516e-04 8.128380e-05 4.932839e-05 1.898931e-05 6.151393e-06 1.307701e-06 6.777435e-08
6.676700e-01 2.322420e+00 1.409332e+00 1.150584e-01 6.706263e+00 5.808084e-03 5.170916e-03 2.522339e-03 6.928956e-04 6.395187e-04 8.613952e-04 8.780814e-04 9.097431e-04 8.895017e-04 8.043277e-04 6.848811e-04 5.816773e-04 4.878065e-04 4.011249e-04 3.308727e-04 2.816272e-04 2.323941e-04 2.030554e-04 1.647336e-04 1.156918e-04 8.144102e-05 4.968724e-05 1.881176e-05 6.090317e-06 1.220649e-06 6.809569e-08
1.262762e+00 1.353343e+00 1.334409e+00 1.290773e-01 1.342138e+00 3.779289e-03 5.696379e-03 3.150772e-03 1.118983e-03 6.124466e-04 8.036988e-04 8.641475e-04 9.278278e-04 8.621978e-04 8.128362e-04 6.959697e-04 5.811433e-04 4.953374e-04 3.998495e-04 3.315055e-04 2.821995e-04 2.318723e-04 2.034766e-04 1.662835e-04 1.168302e-04 7.944367e-05 4.992531e-05 1.901514e-05 6.154734e-06 1.283249e-06 6.901242e-08
1.743750e+00 2.732073e+00 1.282618e+00 1.222809e-01 8.283511e+00 3.297870e-03 5.702028e-03 3.512179e-03 1.222573e-03 5.667832e-04 8.170643e-04 8.726731e-04 9.296389e-04 8.873773e-04 8.008378e-04 7.040762e-04 5.796502e-04 4.854214e-04 4.015253e-04 3.314678e-04 2.830831e-04 2.306746e-04 2.018545e-04 1.659542e-04 1.155478e-04 8.132758e-05 4.930594e-05 1.913368e-05 6.046721e-06 1.216735e-06 6.879517e-08
4.374763e-01 1.242144e+00 2.380474e+00 1.146963e-01 6.607336e+00 5.342381e-03 5.173390e-03 2.700008e-03 8.180097e-04 5.910608e-04 8.353185e-04 8.842039e-04 9.111554e-04 8.828562e-04 8.033705e-04 6.974826e-04 5.827126e-04 4.850093e-04 3.969365e-04 3.320158e-04 2.860683e-04 2.353558e-04 2.020994e-04 1.633629e-04 1.172297e-04 8.123482e-05 4.905732e-05 1.897657e-05 6.133551e-06 1.215369e-06 6.749051e-08
1.872772e+00 2.580453e+00 2.076194e+00 1.277849e-01 9.809831e+00 3.202905e-03 5.668353e-03 3.566161e-03 1.212059e-03 5.662721e-04 7.738648e-04 8.720764e-04 9.264836e-04 8.923541e-04 8.012325e-04 6.942546e-04 5.857913e-04 4.865309e-04 4.013952e-04 3.362603e-04 2.790402e-04 2.348903e-04 1.958822e-04 1.649815e-04 1.171314e-04 8.115174e-05 4.945170e-05 1.904138e-05 6.059431e-06 1.239334e-06 6.816431e-08
2.260155e+00 3.144710e+00 2.025938e+00 1.271637e-01 8.033289e+00 2.700341e-03 5.293374e-03 3.911707e-03 1.492813e-03 5.380451e-04 7.584662e-04 8.764488e-04 8.990088e-04 8.931131e-04 8.004842e-04 7.006038e-04 5.821165e-04 4.894532e-04 4.042191e-04 3.300527e-04 2.814681e-04 2.318867e-04 2.001467e-04 1.643188e-04 1.157919e-04 8.174096e-05 4.924039e-05 1.894299e-05 6.014079e-06 1.256681e-06 6.780750e-08
1.676995e+00 2.862510e+00 1.484167e+00 1.274257e-01 1.266540e+00 3.427642e-03 5.747052e-03 3.450434e-03 1.123260e-03 5.975580e-04 8.308252e-04 8.915612e-04 9.196354e-04 8.843994e-04 8.129208e-04 6.901129e-04 5.778531e-04 4.902731e-04 4.046047e-04 3.320336e-04 2.758760e-04 2.345056e-04 2.006165e-04 1.643576e-04 1.150369e-04 8.059810e-05 4.990048e-05 1.906993e-05 6.012711e-06 1.264823e-06 6.795169e-08
1.231747e+00 6.518914e-01 2.110532e+00 1.222908e-01 5.436405e+00 3.688170e-03 5.679476e-03 3.192038e-03 1.080266e-03 5.447550e-04 8.020232e-04 8.556267e-04 9.103065e-04 8.631673e-04 8.189025e-04 6.947274e-04 5.909731e-04 4.896291e-04 3.982039e-04 3.373277e-04 2.773930e-04 2.355238e-04 2.013504e-04 1.645708e-04 1.170831e-04 8.093062e-05 4.948846e-05 1.912086e-05 6.047212e-06 1.238894e-06 6.825595e-08
1.057263e+00 3.212867e+00 2.381425e+00 1.211187e-01 3.433868e+00 5.455560e-03 5.525512e-03 2.499968e-03 6.672210e-04 6.590762e-04 8.588120e-04 8.897125e-04 9.189914e-04 8.851998e-04 8.047878e-04 6.893727e-04 5.818182e-04 4.876756e-04 3.938069e-04 3.327748e-04 2.807211e-04 2.329834e-04 1.991332e-04 1.634008e-04 1.171460e-04 8.051083e-05 4.948464e-05 1.912189e-05 6.102904e-06 1.238512e-06 6.973283e-08
5.744673e-01 1.993765e+00 1.600518e+00 1.102502e-01 3.216667e+00 5.754685e-03 5.116547e-03 2.516781e-03 7.743420e-04 6.185001e-04 8.315585e-04 8.957543e-04 9.246549e-04 8.907230e-04 8.082695e-04 6.846770e-04 5.860977e-04 4.833960e-04 3.991562e-04 3.325048e-04 2.807314e-04 2.341974e-04 2.015234e-04 1.626091e-04 1.180897e-04 8.105180e-05 4.978379e-05 1.885935e-05 6.128403e-06 1.250456e-06 6.836987e-08
2.325649e+00 1.535320e+00 1.645600e+00 1.233666e-01 8.553447e+00 2.460654e-03 5.080734e-03 3.972211e-03 1.753564e-03 4.577489e-04 7.245243e-04 8.647992e-04 8.986111e-04 8.899572e-04 8.110685e-04 6.933591e-04 5.918570e-04 4.944705e-04 4.025274e-04 3.339402e-04 2.803825e-04 2.339365e-04 2.015989e-04 1.645612e-04 1.165904e-04 8.135176e-05 4.966081e-05 1.884606e-05 5.994176e-06 1.291298e-06 6.905118e-08
1.851803e+00 1.243755e+00 2.432881e+00 1.138226e-01 5.569520e+00 3.205756e-03 5.614101e-03 3.521957e-03 1.279327e-03 5.257212e-04 7.777213e-04 8.807998e-04 9.104360e-04 8.962380e-04 8.040985e-04 6.965334e-04 5.826806e-04 4.852767e-04 4.043414e-04 3.303835e-04 2.819157e-04 2.373180e-04 2.009151e-04 1.644174e-04 1.170463e-04 8.122481e-05 4.948241e-05 1.910967e-05 6.044521e-06 1.260813e-06 7.030720e-08
1.384277e+00 3.159036e+00 1.333936e+00 1.231039e-01 5.696991e-01 4.095968e-03 5.895399e-03 3.027889e-03 8.875911e-04 6.405477e-04 8.456191e-04 8.867028e-04 9.041440e-04 8.839128e-04 8.150341e-04 6.963839e-04 5.804814e-04 4.829407e-04 4.014276e-04 3.275033e-04 2.833405e-04 2.255468e-04 2.029802e-04 1.642014e-04 1.155491e-04 8.059467e-05 4.988826e-05 1.879949e-05 5.979788e-06 1.277740e-06 6.816205e-08
4.457283e-01 3.200460e+00 1.169147e+00 1.198225e-01 9.685514e+00 7.028586e-03 4.617108e-03 2.222078e-03 6.089678e-04 6.606858e-04 8.681354e-04 9.104689e-04 9.351444e-04 8.976400e-04 7.953338e-04 6.896455e-04 5.756414e-04 4.819732e-04 3.980202e-04 3.330454e-04 2.801772e-04 2.359453e-04 1.968216e-04 1.643355e-04 1.163426e-04 8.108615e-05 4.960957e-05 1.893734e-05 6.038286e-06 1.260736e-06 6.936220e-08
1.118195e+00 9.803867e-01 1.194722e+00 1.178277e-01 5.062230e+00 3.871146e-03 5.711009e-03 3.137326e-03 1.007936e-03 5.688110e-04 8.116852e-04 8.697602e-04 9.076303e-04 8.677669e-04 8.136054e-04 6.948234e-04 5.857369e-04 4.888125e-04 4.026045e-04 3.356419e-04 2.807817e-04 2.379147e-04 1.997937e-04 1.648416e-04 1.170283e-04 8.111405e-05 4.948339e-05 1.896616e-05 6.015965e-06 1.300756e-06 6.863981e-08
1.447456e+00 1.350744e+00 1.327470e+00 1.289533e-01 3.333156e+00 3.460615e-03 5.676234e-03 3.394776e-03 1.169868e-03 5.648837e-04 7.905314e-04 8.697753e-04 9.305024e-04 8.821522e-04 8.164613e-04 6.918900e-04 5.800512e-04 4.919396e-04 3.971692e-04 3.381757e-04 2.794043e-04 2.325523e-04 2.038260e-04 1.662620e-04 1.167089e-04 8.196127e-05 4.963821e-05 1.878653e-05 6.077985e-06 1.242799e-06 6.728272e-08
1.245875e+00 2.191895e+00 1.977430e+00 1.278981e-01 3.967929e+00 4.255388e-03 5.770646e-03 2.935394e-03 9.436781e-04 6.242867e-04 8.151740e-04 8.847899e-04 9.131054e-04 8.856064e-04 8.081537e-04 6.932055e-04 5.827733e-04 4.882755e-04 4.027453e-04 3.272032e-04 2.840470e-04 2.299130e-04 2.053715e-04 1.637134e-04 1.177713e-04 7.924950e-05 5.013321e-05 1.899518e-05 5.992549e-06 1.256882e-06 6.867322e-08
1.528042e+00 2.964836e+00 1.094488e+00 1.217185e-01 6.854442e+00 3.644462e-03 5.846349e-03 3.337359e-03 9.951240e-04 6.080600e-04 8.356842e-04 8.770607e-04 9.096932e-04 8.901806e-04 8.176285e-04 6.799317e-04 5.826615e-04 4.869090e-04 4.001306e-04 3.301699e-04 2.810683e-04 2.333033e-04 2.017716e-04 1.655874e-04 1.156822e-04 8.034696e-05 4.973416e-05 1.870675e-05 6.155684e-06 1.245761e-06 7.040789e-08
1.515318e+00 2.193914e+00 1.737216e+00 1.243404e-01 6.769445e+00 3.667773e-03 5.742802e-03 3.330977e-03 1.040321e-03 5.815600e-04 8.026724e-04 8.870998e-04 9.141056e-04 8.738128e-04 8.151483e-04 6.898712e-04 5.857687e-04 4.868712e-04 4.029237e-04 3.317271e-04 2.781025e-04 2.338532e-04 1.997925e-04 1.651999e-04 1.172054e-04 8.151161e-05 4.926801e-05 1.908954e-05 5.966432e-06 1.258428e-06 6.846932e-08
7.953281e-01 1.692822e+00 1.724164e+00 1.153222e-01 7.248097e+00 5.114734e-03 5.341578e-03 2.695454e-03 8.688239e-04 6.328955e-04 8.361513e-04 8.832429e-04 9.005185e-04 8.788864e-04 8.123415e-04 6.907662e-04 5.808613e-04 4.877433e-04 4.036141e-04 3.333978e-04 2.790387e-04 2.323350e-04 1.994015e-04 1.640182e-04 1.176870e-04 8.046796e-05 4.995053e-05 1.896136e-05 6.027840e-06 1.235224e-06 6.788632e-08
2.427705e+00 2.972133e+00 1.112637e+00 1.250813e-01 7.110263e+00 2.293532e-03 4.863404e-03 4.072711e-03 1.960582e-03 4.892391e-04 7.215695e-04 8.577892e-04 9.057283e-04 8.946475e-04 8.100246e-04 6.997380e-04 5.823983e-04 4.925788e-04 4.024281e-04 3.340895e-04 2.787985e-04 2.336484e-04 1.987357e-04 1.663827e-04 1.152421e-04 8.021250e-05 5.010481e-05 1.892425e-05 6.032727e-06 1.262985e-06 6.835832e-08
1.282383e+00 2.745786e+00 1.056020e+00 1.226097e-01 1.680422e+00 4.236530e-03 5.883906e-03 2.970981e-03 8.293027e-04 6.264700e-04 8.563220e-04 8.704148e-04 9.159773e-04 8.796199e-04 8.140793e-04 6.907475e-04 5.842976e-04 4.830230e-04 4.031479e-04 3.313980e-04 2.812192e-04 2.301001e-04 2.004756e-04 1.658591e-04 1.160252e-04 8.032580e-05 5.050907e-05 1.877214e-05 6.105045e-06 1.227325e-06 6.845664e-08
9.384903e-01 3.206471e+00 2.176965e+00 1.225603e-01 9.895207e+00 5.729389e-03 5.327437e-03 2.484604e-03 6.684363e-04 6.522908e-04 8.775266e-04 8.875016e-04 9.190035e-04 8.941878e-04 8.039022e-04 6.842875e-04 5.822323e-04 4.827422e-04 3.968799e-04 3.347263e-04 2.783528e-04 2.304981e-04 2.022376e-04 1.627009e-04 1.169273e-04 8.018613e-05 4.962986e-05 1.907395e-05 6.007170e-06 1.218851e-06 6.995654e-08
1.615362e+00 2.020597e+00 2.148268e+00 1.119493e-01 6.916572e+00 3.615047e-03 5.783647e-03 3.307754e-03 1.028752e-03 5.710923e-04 8.131838e-04 8.843205e-04 9.206978e-04 8.861468e-04 8.010457e-04 6.926437e-04 5.840310e-04 4.872743e-04 4.027693e-04 3.288087e-04 2.817145e-04 2.367846e-04 1.994230e-04 1.627440e-04 1.178625e-04 8.098456e-05 4.970461e-05 1.898653e-05 5.992170e-06 1.260513e-06 6.919081e-08
8.055221e-01 9.415588e-01 1.116518e+00 1.104776e-01 3.111910e+00 4.360529e-03 5.523195e-03 2.980664e-03 9.523963e-04 5.918110e-04 8.080977e-04 8.741066e-04 8.846515e-04 8.964376e-04 8.071685e-04 6.884521e-04 5.866309e-04 4.905050e-04 3.995473e-04 3.354424e-04 2.796784e-04 2.353443e-04 1.986747e-04 1.656038e-04 1.171854e-04 8.239327e-05 4.906739e-05 1.912655e-05 6.185576e-06 1.235618e-06 6.855387e-08
2.478037e+00 2.853532e+00 2.152095e+00 1.223799e-01 2.879157e+00 2.530656e-03 5.102249e-03 3.962444e-03 1.702325e-03 4.597215e-04 7.434167e-04 8.577857e-04 9.107756e-04 8.874327e-04 8.091525e-04 7.002612e-04 5.786741e-04 4.908625e-04 4.058355e-04 3.287545e-04 2.809249e-04 2.344598e-04 2.003750e-04 1.651055e-04 1.180497e-04 7.988103e-05 4.970479e-05 1.896304e-05 6.044101e-06 1.253586e-06 6.772098e-08
1.510326e+00 2.552650e+00 2.014857e+00 1.147329e-01 9.146573e+00 3.937830e-03 5.849714e-03 3.106713e-03 9.589092e-04 6.009996e-04 8.242716e-04 8.876679e-04 9.147266e-04 8.837831e-04 8.066941e-04 6.992196e-04 5.772276e-04 4.890089e-04 3.994695e-04 3.298248e-04 2.814747e-04 2.339784e-04 2.014469e-04 1.634364e-04 1.161680e-04 8.076852e-05 4.969005e-05 1.906604e-05 6.055867e-06 1.271910e-06 6.781828e-08
1.605413e+00 1.865680e+00 1.623331e+00 1.223061e-01 1.110362e+00 3.375779e-03 5.719473e-03 3.446650e-03 1.158441e-03 5.542243e-04 7.934961e-04 8.745730e-04 9.252096e-04 8.894687e-04 8.085988e-04 6.921439e-04 5.815305e-04 4.892809e-04 3.967200e-04 3.329036e-04 2.862320e-04 2.324468e-04 2.006937e-04 1.647204e-04 1.159533e-04 8.121812e-05 4.983325e-05 1.887438e-05 6.080566e-06 1.226397e-06 6.889258e-08
1.562319e+00 8.884805e-01 1.895574e+00 1.228322e-01 5.455455e+00 3.304851e-03 5.585543e-03 3.486360e-03 1.244655e-03 5.600072e-04 7.770015e-04 8.671559e-04 9.060560e-04 9.035843e-04 7.964564e-04 7.041722e-04 5.847551e-04 4.894620e-04 3.963469e-04 3.383529e-04 2.801455e-04 2.377671e-04 2.010083e-04 1.617395e-04 1.195463e-04 8.034139e-05 4.996601e-05 1.903282e-05 6.016238e-06 1.246799e-06 7.073372e-08
2.360500e+00 1.710187e+00 1.239370e+00 1.259756e-01 3.633099e+00 2.412462e-03 4.902320e-03 4.010912e-03 1.817841e-03 5.205148e-04 7.343457e-04 8.364965e-04 9.028055e-04 8.834369e-04 8.213085e-04 6.952747e-04 5.840429e-04 4.931486e-04 4.009772e-04 3.320527e-04 2.826124e-04 2.359459e-04 1.978676e-04 1.660467e-04 1.166314e-04 8.125994e-05 4.947372e-05 1.904437e-05 6.076924e-06 1.220518e-06 6.751282e-08
3.409954e-01 8.017277e-01 1.762654e+00 1.165075e-01 3.850783e+00 4.898261e-03 5.366540e-03 2.739672e-03 9.164297e-04 6.059028e-04 7.723082e-04 8.863326e-04 9.043023e-04 8.855983e-04 8.123950e-04 6.919434e-04 5.839047e-04 4.884852e-04 4.045285e-04 3.295077e-04 2.854040e-04 2.343409e-04 2.025554e-04 1.653070e-04 1.169740e-04 8.139807e-05 4.954597e-05 1.911127e-05 6.180445e-06 1.223251e-06 6.915538e-08
6.787177e-01 3.263308e+00 1.330192e+00 1.296696e-01 9.303664e-01 6.465804e-03 4.970108e-03 2.323693e-03 6.082781e-04 6.685703e-04 8.820597e-04 9.031049e-04 9.097221e-04 8.642383e-04 8.095011e-04 6.937443e-04 5.777011e-04 4.803614e-04 4.011322e-04 3.274775e-04 2.840519e-04 2.302183e-04 2.049415e-04 1.628605e-04 1.151367e-04 8.254461e-05 4.892003e-05 1.902672e-05 6.060458e-06 1.222918e-06 7.126279e-08
2.358633e+00 1.171477e+00 2.106621e+00 1.268738e-01 5.980540e+00 2.483442e-03 5.106363e-03 3.904960e-03 1.743558e-03 4.577164e-04 7.239463e-04 8.365051e-04 9.083165e-04 8.777216e-04 8.129516e-04 7.021664e-04 5.850069e-04 4.931349e-04 4.011082e-04 3.319659e-04 2.813608e-04 2.392498e-04 1.991166e-04 1.638079e-04 1.176164e-04 8.133009e-05 4.994662e-05 1.902795e-05 6.119910e-06 1.219883e-06 6.900088e-08
1.158286e+00 1.178329e+00 1.562957e+00 1.285119e-01 3.927067e+00 3.945155e-03 5.698100e-03 3.117998e-03 9.984269e-04 5.839867e-04 7.918410e-04 8.696258e-04 9.203777e-04 8.923505e-04 8.078210e-04 6.945125e-04 5.814749e-04 4.882338e-04 4.035573e-04 3.290538e-04 2.800395e-04 2.370255e-04 2.036729e-04 1.636050e-04 1.155071e-04 8.095053e-05 4.966018e-05 1.882190e-05 6.195112e-06 1.221683e-06 6.748189e-08
1.339110e+00 1.982310e+00 1.964049e+00 1.257256e-01 4.117486e+00 3.923126e-03 5.804534e-03 3.113592e-03 9.867664e-04 6.083787e-04 8.278089e-04 8.842667e-04 9.124695e-04 8.640920e-04 8.142861e-04 6.913667e-04 5.825226e-04 4.833394e-04 4.026346e-04 3.330227e-04 2.791165e-04 2.341750e-04 1.999434e-04 1.671512e-04 1.152816e-04 8.182329e-05 4.989934e-05 1.885039e-05 6.035413e-06 1.224563e-06 7.185511e-08
5.092894e-01 7.687992e-01 1.055797e+00 1.113618e-01 1.183371e+00 4.740417e-03 5.376674e-03 2.850914e-03 9.299974e-04 5.900097e-04 8.231746e-04 8.665760e-04 9.067382e-04 9.105833e-04 8.033247e-04 6.975116e-04 5.740458e-04 4.947371e-04 4.083279e-04 3.296758e-04 2.783053e-04 2.372603e-04 1.985986e-04 1.660134e-04 1.166242e-04 8.142342e-05 4.953731e-05 1.915382e-05 6.056292e-06 1.264049e-06 6.714604e-08
4.578818e-01 2.993032e+00 2.333642e+00 1.213988e-01 1.558225e+00 6.871576e-03 4.705818e-03 2.243610e-03 5.742465e-04 6.689019e-04 8.688247e-04 8.885317e-04 9.121271e-04 8.947809e-04 8.022563e-04 6.907501e-04 5.783367e-04 4.855599e-04 3.913056e-04 3.402653e-04 2.778778e-04 2.322736e-04 1.990403e-04 1.637142e-04 1.173770e-04 7.982145e-05 4.973138e-05 1.893805e-05 5.995774e-06 1.246882e-06 6.783923e-08
1.643076e+00 1.826458e+00 1.862491e+00 1.252773e-01 3.535978e+00 3.390485e-03 5.655269e-03 3.495309e-03 1.145890e-03 5.552375e-04 8.180393e-04 8.807061e-04 9.096260e-04 8.773687e-04 8.131210e-04 7.012889e-04 5.832377e-04 4.898643e-04 4.019338e-04 3.318614e-04 2.827569e-04 2.293889e-04 2.047153e-04 1.657117e-04 1.164017e-04 7.989663e-05 4.969103e-05 1.883751e-05 6.142124e-06 1.248847e-06 6.877331e-08
2.235612e+00 5.881714e-01 2.209296e+00 1.129843e-01 1.906610e-01 2.867019e-03 5.391283e-03 3.747173e-03 1.457493e-03 4.872746e-04 7.601097e-04 8.635548e-04 9.012280e-04 8.619410e-04 8.191340e-04 6.934038e-04 5.917393e-04 4.873592e-04 3.985669e-04 3.391155e-04 2.855270e-04 2.280313e-04 2.027326e-04 1.670021e-04 1.175443e-04 8.123941e-05 5.025852e-05 1.887375e-05 6.118869e-06 1.222218e-06 7.036795e-08
1.779436e+00 3.072487e+00 2.104661e+00 1.223266e-01 4.248296e+00 3.453243e-03 5.852515e-03 3.348609e-03 1.107530e-03 6.041751e-04 8.223435e-04 8.853020e-04 9.148707e-04 8.713118e-04 8.164770e-04 6.937098e-04 5.811329e-04 4.867860e-04 3.947155e-04 3.355501e-04 2.803509e-04 2.323927e-04 2.013720e-04 1.645199e-04 1.171078e-04 8.085565e-05 4.935142e-05 1.902482e-05 6.007666e-06 1.249075e-06 6.895443e-08
5.558012e-01 2.594897e+00 1.789115e+00 1.299166e-01 7.545219e+00 6.308627e-03 4.899889e-03 2.450396e-03 6.657691e-04 6.365335e-04 8.809941e-04 8.887368e-04 9.140851e-04 9.034213e-04 8.045370e-04 6.956092e-04 5.679290e-04 4.901402e-04 4.001594e-04 3.289214e-04 2.810463e-04 2.363544e-04 1.989539e-04 1.654718e-04 1.150235e-04 8.134069e-05 4.929049e-05 1.893245e-05 6.105445e-06 1.217529e-06 6.854841e-08
9.085803e-01 3.446396e+00 2.176280e+00 1.288119e-01 4.894600e+00 5.884733e-03 5.301402e-03 2.410750e-03 6.590696e-04 6.717748e-04 8.728794e-04 9.006949e-04 9.304704e-04 8.845840e-04 7.948419e-04 6.949352e-04 5.779835e-04 4.829913e-04 3.988193e-04 3.276944e-04 2.778387e-04 2.316419e-04 1.991542e-04 1.647104e-04 1.166127e-04 8.055458e-05 4.942717e-05 1.902459e-05 6.140265e-06 1.216391e-06 6.684523e-08
1.887323e-01 1.026396e+00 1.209109e+00 1.205460e-01 7.955710e+00 5.298827e-03 5.130309e-03 2.656098e-03 9.281522e-04 6.352632e-04 8.196904e-04 8.860606e-04 9.015640e-04 8.707200e-04 8.075950e-04 6.910150e-04 5.832982e-04 4.870356e-04 4.028607e-04 3.342748e-04 2.812187e-04 2.334084e-04 2.030005e-04 1.645222e-04 1.170992e-04 8.063390e-05 4.908476e-05 1.909857e-05 6.129764e-06 1.182356e-06 7.321971e-08
8.225905e-01 8.419103e-01 2.135611e+00 1.215198e-01 3.703680e+00 4.441823e-03 5.472513e-03 2.901405e-03 1.015389e-03 5.810681e-04 7.879112e-04 8.643236e-04 9.124015e-04 8.640336e-04 8.117876e-04 6.968386e-04 5.884469e-04 4.873864e-04 4.019443e-04 3.337736e-04 2.838260e-04 2.338119e-04 2.003790e-04 1.664809e-04 1.179606e-04 8.017712e-05 4.980565e-05 1.863096e-05 6.145573e-06 1.230893e-06 6.695379e-08
4.141626e-02 1.146701e+00 2.333304e+00 1.198705e-01 6.656437e-01 5.374609e-03 5.148932e-03 2.636840e-03 8.738624e-04 6.173006e-04 8.186193e-04 8.970912e-04 9.030148e-04 8.953692e-04 7.953243e-04 6.929064e-04 5.796339e-04 4.893686e-04 4.030413e-04 3.292575e-04 2.809904e-04 2.343184e-04 2.014307e-04 1.654793e-04 1.166237e-04 8.068986e-05 4.963415e-05 1.916652e-05 6.031225e-06 1.266649e-06 6.764502e-08
5.653145e-01 1.667335e+00 1.273547e+00 1.274299e-01 7.687529e+00 5.486471e-03 5.174881e-03 2.621114e-03 8.188901e-04 6.177212e-04 8.295558e-04 8.820765e-04 9.087361e-04 8.663742e-04 8.143284e-04 6.938804e-04 5.789936e-04 4.887036e-04 4.018771e-04 3.316738e-04 2.802780e-04 2.325349e-04 2.010660e-04 1.657978e-04 1.169916e-04 8.085388e-05 4.983905e-05 1.901357e-05 6.123063e-06 1.230713e-06 6.884200e-08
1.896552e+00 2.998256e+00 2.345799e+00 1.166656e-01 6.876944e+00 3.407351e-03 5.763415e-03 3.438585e-03 1.098854e-03 5.798365e-04 8.334022e-04 8.670601e-04 9.241763e-04 8.659019e-04 8.153129e-04 6.902002e-04 5.882752e-04 4.830316e-04 3.970935e-04 3.344598e-04 2.779964e-04 2.332084e-04 2.019765e-04 1.626987e-04 1.164600e-04 8.085597e-05 4.981954e-05 1.893168e-05 5.968529e-06 1.250785e-06 6.762734e-08
1.041706e+00 9.325752e-01 2.171572e+00 1.282870e-01 1.693162e+00 4.083388e-03 5.592716e-03 3.049944e-03 1.059175e-03 5.884965e-04 7.854400e-04 8.675845e-04 9.183210e-04 8.751487e-04 8.163410e-04 6.862521e-04 5.859792e-04 4.960969e-04 3.980536e-04 3.394939e-04 2.791539e-04 2.376555e-04 1.980891e-04 1.654073e-04 1.169393e-04 8.126845e-05 4.955719e-05 1.913912e-05 6.003078e-06 1.240090e-06 7.133015e-08
1.863482e+00 3.444076e+00 1.446902e+00 1.108389e-01 7.420442e+00 3.240622e-03 5.784534e-03 3.494493e-03 1.196262e-03 5.663182e-04 8.097640e-04 9.050557e-04 9.090604e-04 9.089080e-04 7.967220e-04 6.948567e-04 5.855404e-04 4.834600e-04 4.026526e-04 3.358740e-04 2.741732e-04 2.304671e-04 2.050886e-04 1.615327e-04 1.156147e-04 8.071777e-05 5.009874e-05 1.899221e-05 6.158305e-06 1.232119e-06 6.710026e-08
1.794319e+00 2.419831e+00 1.833261e+00 1.249122e-01 9.224147e+00 3.173116e-03 5.683241e-03 3.566794e-03 1.265992e-03 5.667329e-04 8.017394e-04 8.635861e-04 9.189523e-04 9.014995e-04 8.013733e-04 7.008840e-04 5.833381e-04 4.891116e-04 3.985824e-04 3.323306e-04 2.821813e-04 2.321980e-04 2.042876e-04 1.640339e-04 1.167674e-04 8.025773e-05 4.973042e-05 1.890728e-05 6.045482e-06 1.235771e-06 6.740237e-08
1.293576e+00 2.086377e+00 2.299511e+00 1.239885e-01 4.711053e+00 4.230485e-03 5.740509e-03 2.990920e-03 8.989617e-04 6.153265e-04 8.256946e-04 8.750341e-04 8.944709e-04 8.893307e-04 8.069368e-04 6.923116e-04 5.845254e-04 4.861674e-04 4.014972e-04 3.327232e-04 2.791564e-04 2.319520e-04 2.047669e-04 1.643382e-04 1.162214e-04 8.173499e-05 4.943453e-05 1.905898e-05 6.047679e-06 1.236842e-06 6.915183e-08
5.280136e-02 2.606105e+00 2.280256e+00 1.263681e-01 8.610612e+00 6.827902e-03 4.702556e-03 2.213106e-03 6.366230e-04 6.647571e-04 8.715192e-04 8.866480e-04 9.223139e-04 8.832632e-04 8.069707e-04 6.904442e-04 5.752125e-04 4.858990e-04 3.996591e-04 3.309490e-04 2.781643e-04 2.374087e-04 1.993123e-04 1.656943e-04 1.164376e-04 8.086157e-05 4.940882e-05 1.905612e-05 6.015796e-06 1.258882e-06 6.799324e-08
1.090759e-01 1.945929e+00 1.397322e+00 1.243953e-01 1.733686e+00 6.319208e-03 4.852495e-03 2.370681e-03 7.023204e-04 6.438148e-04 8.375718e-04 8.888399e-04 9.100703e-04 8.946434e-04 8.029628e-04 6.941046e-04 5.779922e-04 4.862368e-04 3.972449e-04 3.371075e-04 2.789485e-04 2.342893e-04 2.002493e-04 1.654789e-04 1.171979e-04 8.020729e-05 4.971295e-05 1.898047e-05 6.077256e-06 1.266678e-06 6.614309e-08
1.297357e+00 3.401106e+00 2.284184e+00 1.188997e-01 4.684376e+00 4.797880e-03 5.762315e-03 2.697083e-03 7.670815e-04 6.580541e-04 8.414221e-04 8.932138e-04 9.073622e-04 8.715197e-04 8.140882e-04 6.918467e-04 5.806350e-04 4.843114e-04 3.968727e-04 3.302112e-04 2.828930e-04 2.318475e-04 2.027802e-04 1.631763e-04 1.166165e-04 8.097670e-05 4.946725e-05 1.874556e-05 5.990991e-06 1.250415e-06 6.814754e-08
7.959541e-01 1.504659e+00 2.410928e+00 1.284920e-01 5.537172e+00 4.924488e-03 5.447828e-03 2.741763e-03 9.064774e-04 6.258312e-04 8.252566e-04 8.807281e-04 9.225917e-04 9.004582e-04 8.077812e-04 6.881775e-04 5.826834e-04 4.861314e-04 3.993462e-04 3.313687e-04 2.842889e-04 2.338444e-04 2.010984e-04 1.634516e-04 1.174344e-04 8.088566e-05 4.972601e-05 1.903514e-05 6.085324e-06 1.238479e-06 6.737916e-08
2.443064e+00 2.397582e+00 2.002789e+00 1.187232e-01 5.769211e+00 2.567468e-03 5.064487e-03 3.934421e-03 1.783934e-03 4.493626e-04 7.396919e-04 8.674933e-04 9.084220e-04 8.991011e-04 8.098316e-04 6.983966e-04 5.836676e-04 4.873776e-04 4.039657e-04 3.338052e-04 2.850940e-04 2.329651e-04 2.036530e-04 1.625286e-04 1.160108e-04 8.153229e-05 4.989214e-05 1.895600e-05 6.117347e-06 1.225515e-06 6.955814e-08
1.014275e+00 3.186442e+00 1.428277e+00 1.213188e-01 7.583858e+00 5.252863e-03 5.576583e-03 2.570538e-03 7.130386e-04 6.782715e-04 8.309378e-04 9.013595e-04 9.152031e-04 8.788660e-04 8.066124e-04 6.958648e-04 5.788992e-04 4.874464e-04 3.949233e-04 3.346711e-04 2.769795e-04 2.313058e-04 2.025801e-04 1.636750e-04 1.164059e-04 8.065421e-05 4.942890e-05 1.888116e-05 6.178918e-06 1.236048e-06 6.817884e-08
7.349830e-01 1.351579e+00 1.422419e+00 1.146726e-01 1.792349e+00 4.877188e-03 5.398139e-03 2.850731e-03 9.014059e-04 6.111050e-04 8.316505e-04 8.882466e-04 9.113486e-04 8.711607e-04 8.178497e-04 6.913878e-04 5.835717e-04 4.877805e-04 4.019007e-04 3.359008e-04 2.809156e-04 2.348839e-04 2.021789e-04 1.646895e-04 1.168649e-04 8.070525e-05 4.977836e-05 1.897749e-05 6.013515e-06 1.246235e-06 6.495523e-08
1.994036e+00 3.484452e+00 2.044050e+00 1.242457e-01 3.558520e+00 3.166874e-03 5.665468e-03 3.566374e-03 1.259602e-03 6.146384e-04 7.910597e-04 8.850470e-04 9.200450e-04 9.023121e-04 8.046434e-04 6.918344e-04 5.828855e-04 4.858339e-04 4.061160e-04 3.290986e-04 2.806025e-04 2.327060e-04 1.937600e-04 1.679258e-04 1.160157e-04 8.165193e-05 4.863333e-05 1.902916e-05 6.038388e-06 1.215705e-06 6.818490e-08
1.727544e+00 1.408095e+00 2.060384e+00 1.294450e-01 7.482014e+00 3.182190e-03 5.563433e-03 3.511664e-03 1.361066e-03 5.229536e-04 7.842244e-04 8.633690e-04 9.167310e-04 8.963511e-04 8.047441e-04 6.969666e-04 5.824025e-04 4.852754e-04 4.044916e-04 3.323075e-04 2.816933e-04 2.349128e-04 1.984493e-04 1.658181e-04 1.177151e-04 8.190601e-05 4.864719e-05 1.913836e-05 6.084364e-06 1.276481e-06 6.478682e-08
5.287752e-02 3.269071e+00 1.625930e+00 1.178041e-01 9.287220e+00 7.342255e-03 4.497273e-03 2.130546e-03 6.094715e-04 6.856345e-04 8.530350e-04 9.002377e-04 9.241973e-04 8.709275e-04 8.062067e-04 6.936820e-04 5.810065e-04 4.870881e-04 3.970166e-04 3.291673e-04 2.802664e-04 2.374357e-04 1.978481e-04 1.650510e-04 1.152888e-04 8.036941e-05 4.976694e-05 1.891701e-05 6.153758e-06 1.242774e-06 6.860631e-08
1.078960e+00 2.761216e+00 1.647165e+00 1.297073e-01 3.823352e+00 4.880439e-03 5.685218e-03 2.701600e-03 8.059070e-04 6.332041e-04 8.682911e-04 8.955451e-04 9.150588e-04 8.890162e-04 8.022617e-04 6.888418e-04 5.811656e-04 4.870776e-04 3.976902e-04 3.351335e-04 2.783391e-04 2.354083e-04 2.020545e-04 1.644896e-04 1.168351e-04 8.121556e-05 4.921266e-05 1.890149e-05 6.192901e-06 1.217500e-06 6.989328e-08
2.030457e+00 3.082376e+00 1.109299e+00 1.292955e-01 5.156948e+00 2.851027e-03 5.374811e-03 3.787009e-03 1.508041e-03 5.033358e-04 7.698915e-04 8.721214e-04 9.032740e-04 8.837684e-04 8.196787e-04 6.933249e-04 5.888534e-04 4.912959e-04 4.017013e-04 3.378875e-04 2.760788e-04 2.341624e-04 2.010152e-04 1.660820e-04 1.157413e-04 8.129472e-05 4.981988e-05 1.886344e-05 6.143886e-06 1.256593e-06 6.845925e-08
7.252582e-01 2.380121e+00 1.476332e+00 1.234699e-01 3.358874e+00 5.724199e-03 5.166846e-03 2.551916e-03 7.179961e-04 6.463296e-04 8.441960e-04 8.882110e-04 9.224082e-04 8.734438e-04 8.098273e-04 6.897579e-04 5.792462e-04 4.876271e-04 3.978514e-04 3.332531e-04 2.798944e-04 2.346125e-04 2.001980e-04 1.651778e-04 1.166996e-04 8.186811e-05 4.926195e-05 1.887957e-05 6.051880e-06 1.260323e-06 6.579983e-08
2.191199e+00 1.362357e+00 1.720228e+00 1.189762e-01 2.701653e+00 2.659680e-03 5.245702e-03 3.864311e-03 1.617330e-03 5.145609e-04 7.356571e-04 8.650182e-04 9.112150e-04 8.699782e-04 8.157799e-04 6.960742e-04 5.939077e-04 4.935922e-04 4.078973e-04 3.261547e-04 2.843395e-04 2.333032e-04 2.022341e-04 1.612456e-04 1.186754e-04 8.041388e-05 4.931588e-05 1.895533e-05 6.062239e-06 1.214103e-06 6.957607e-08
2.399025e+00 1.195450e+00 1.182050e+00 1.238176e-01 7.623361e-01 2.352741e-03 4.891450e-03 4.023591e-03 1.931487e-03 4.686712e-04 7.152490e-04 8.678202e-04 8.867990e-04 9.248942e-04 8.158836e-04 7.051665e-04 5.829581e-04 4.922932e-04 4.036743e-04 3.314919e-04 2.827743e-04 2.396496e-04 1.981763e-04 1.677877e-04 1.168541e-04 8.238437e-05 4.988162e-05 1.851707e-05 6.005375e-06 1.344426e-06 6.747771e-08
2.260398e-01 6.267415e-01 2.385850e+00 1.229293e-01 6.917790e+00 4.778743e-03 5.356993e-03 2.807733e-03 9.496451e-04 6.092275e-04 8.055630e-04 8.670194e-04 9.077925e-04 8.956903e-04 7.994294e-04 6.967415e-04 5.873221e-04 4.923165e-04 3.979223e-04 3.398032e-04 2.766546e-04 2.336824e-04 2.005557e-04 1.649733e-04 1.175508e-04 8.098436e-05 4.980187e-05 1.911612e-05 6.081622e-06 1.219650e-06 6.883512e-08
8.823557e-01 3.040356e+00 1.192683e+00 1.182891e-01 8.371510e+00 5.636949e-03 5.425824e-03 2.478541e-03 6.805895e-04 6.544109e-04 8.609622e-04 8.914793e-04 9.304411e-04 8.927142e-04 8.022717e-04 6.896296e-04 5.750313e-04 4.893158e-04 3.993773e-04 3.314392e-04 2.807068e-04 2.292420e-04 1.996092e-04 1.656489e-04 1.154892e-04 8.134289e-05 4.961322e-05 1.898293e-05 6.140673e-06 1.236317e-06 6.775424e-08
1.436362e+00 2.023746e+00 1.770229e+00 1.280170e-01 7.768631e+00 3.779169e-03 5.729631e-03 3.236936e-03 1.062981e-03 5.925550e-04 8.127546e-04 8.889795e-04 9.060038e-04 8.744387e-04 8.120449e-04 6.871347e-04 5.830413e-04 4.877624e-04 4.014956e-04 3.316693e-04 2.790489e-04 2.357147e-04 2.010035e-04 1.648828e-04 1.161190e-04 8.103085e-05 4.969085e-05 1.889976e-05 6.064509e-06 1.232801e-06 6.843242e-08
1.857865e+00 2.995606e+00 1.219109e+00 1.145151e-01 8.622182e+00 3.103139e-03 5.592737e-03 3.695446e-03 1.270102e-03 5.434417e-04 8.075089e-04 8.873607e-04 8.908536e-04 8.990716e-04 8.225273e-04 6.900514e-04 5.752781e-04 4.887366e-04 4.037834e-04 3.303784e-04 2.782686e-04 2.370777e-04 2.026091e-04 1.632070e-04 1.165565e-04 7.959822e-05 4.979742e-05 1.894200e-05 6.030307e-06 1.222335e-06 6.879711e-08
7.028973e-01 2.081909e+00 1.263091e+00 1.198378e-01 7.231928e+00 5.573576e-03 5.232716e-03 2.567435e-03 7.594074e-04 6.318783e-04 8.663733e-04 8.880409e-04 9.201320e-04 8.641065e-04 8.121241e-04 6.982326e-04 5.807652e-04 4.818333e-04 4.013503e-04 3.295153e-04 2.817235e-04 2.338527e-04 2.021590e-04 1.630180e-04 1.179109e-04 8.087270e-05 4.962377e-05 1.909545e-05 6.087809e-06 1.241854e-06 6.522362e-08
2.011621e+00 1.069266e+00 1.304446e+00 1.181397e-01 8.633976e+00 2.780637e-03 5.348011e-03 3.780364e-03 1.553842e-03 5.187896e-04 7.618278e-04 8.578082e-04 8.934194e-04 9.082744e-04 8.179090e-04 6.922370e-04 5.842679e-04 4.867249e-04 4.054100e-04 3.306203e-04 2.803024e-04 2.380123e-04 2.040141e-04 1.616739e-04 1.181718e-04 8.144613e-05 4.931679e-05 1.908731e-05 6.174798e-06 1.194056e-06 7.226916e-08
2.162882e+00 2.842572e+00 2.346099e+00 1.183652e-01 6.980597e+00 2.978115e-03 5.475972e-03 3.687587e-03 1.401048e-03 5.740734e-04 7.767475e-04 8.741079e-04 9.122583e-04 8.857364e-04 8.088380e-04 6.919829e-04 5.826983e-04 4.870651e-04 4.019887e-04 3.323807e-04 2.820938e-04 2.320580e-04 2.022349e-04 1.638252e-04 1.165739e-04 8.149421e-05 4.949182e-05 1.894614e-05 6.096584e-06 1.227588e-06 6.708788e-08
5.777578e-01 2.226543e+00 2.078387e+00 1.225557e-01 7.933522e+00 5.983382e-03 5.037024e-03 2.470693e-03 7.337140e-04 6.352001e-04 8.380043e-04 8.901490e-04 9.030870e-04 9.038376e-04 7.977867e-04 6.892541e-04 5.776066e-04 4.924318e-04 3.963759e-04 3.332331e-04 2.803591e-04 2.356302e-04 2.024349e-04 1.647024e-04 1.164529e-04 8.033689e-05 4.948202e-05 1.900394e-05 6.031467e-06 1.225381e-06 6.728082e-08
3.583577e-01 2.442169e+00 2.174729e+00 1.236712e-01 1.587004e+00 6.514754e-03 4.817780e-03 2.334803e-03 6.598054e-04 6.435712e-04 8.724288e-04 8.842669e-04 9.204175e-04 8.871347e-04 8.018316e-04 6.884358e-04 5.825898e-04 4.890760e-04 3.976819e-04 3.314665e-04 2.775164e-04 2.324502e-04 2.015370e-04 1.640498e-04 1.155564e-04 8.111942e-05 4.981995e-05 1.901306e-05 6.021937e-06 1.242821e-06 7.038257e-08
5.385544e-01 7.932095e-01 1.348971e+00 1.152977e-01 2.883826e+00 4.703005e-03 5.353634e-03 2.855271e-03 9.809895e-04 5.863830e-04 8.366245e-04 8.734053e-04 9.000163e-04 8.761641e-04 8.020547e-04 6.983340e-04 5.828135e-04 4.870500e-04 4.045177e-04 3.352968e-04 2.841666e-04 2.337492e-04 2.001898e-04 1.644994e-04 1.161859e-04 8.139849e-05 4.934580e-05 1.905565e-05 6.008713e-06 1.200412e-06 7.137710e-08
1.291414e+00 1.444988e+00 1.960575e+00 1.285900e-01 9.996040e+00 3.848898e-03 5.711201e-03 3.181345e-03 1.018021e-03 5.904223e-04 8.105409e-04 8.958735e-04 9.026769e-04 8.923433e-04 8.048773e-04 6.929745e-04 5.758762e-04 4.895744e-04 3.998203e-04 3.366570e-04 2.798941e-04 2.358094e-04 2.010766e-04 1.637708e-04 1.163687e-04 8.147518e-05 4.992466e-05 1.901678e-05 6.140003e-06 1.234820e-06 6.994467e-08
1.249634e+00 1.336395e+00 2.474177e+00 1.129671e-01 7.417680e-01 4.090380e-03 5.647166e-03 3.056761e-03 9.820200e-04 5.843087e-04 8.266825e-04 8.669420e-04 9.103089e-04 8.775711e-04 8.037146e-04 6.937199e-04 5.842154e-04 4.934637e-04 3.967427e-04 3.332579e-04 2.814072e-04 2.342364e-04 2.042234e-04 1.635648e-04 1.167614e-04 8.085680e-05 4.964020e-05 1.902269e-05 6.132765e-06 1.234264e-06 6.886075e-08
1.066925e+00 2.935406e+00 1.105679e+00 1.184587e-01 4.503750e+00 4.912999e-03 5.673232e-03 2.661931e-03 8.096884e-04 6.587130e-04 8.675440e-04 8.844268e-04 9.149971e-04 8.722011e-04 8.018743e-04 6.926520e-04 5.793550e-04 4.844709e-04 4.022848e-04 3.322499e-04 2.765692e-04 2.347560e-04 1.973327e-04 1.639299e-04 1.160907e-04 8.135329e-05 4.989942e-05 1.887118e-05 6.107487e-06 1.219147e-06 6.947815e-08
8.543305e-01 1.500084e+00 2.031313e+00 1.189008e-01 2.952913e-01 4.762922e-03 5.523592e-03 2.762188e-03 8.688025e-04 5.995058e-04 8.293836e-04 8.689066e-04 9.116903e-04 8.736560e-04 8.173984e-04 6.910387e-04 5.806922e-04 4.846044e-04 4.003620e-04 3.328140e-04 2.821892e-04 2.354881e-04 2.020526e-04 1.643843e-04 1.169709e-04 8.059846e-05 4.937318e-05 1.900672e-05 6.042646e-06 1.221611e-06 6.781464e-08
2.466378e+00 1.600035e+00 2.486802e+00 1.100574e-01 6.163282e+00 2.701688e-03 5.333437e-03 3.777272e-03 1.607509e-03 4.910030e-04 7.543872e-04 8.593791e-04 8.989125e-04 8.957763e-04 8.133080e-04 6.998677e-04 5.858581e-04 4.888346e-04 4.055215e-04 3.351556e-04 2.821561e-04 2.318910e-04 1.991661e-04 1.665920e-04 1.171407e-04 8.133749e-05 4.956388e-05 1.897033e-05 6.014853e-06 1.226320e-06 6.962726e-08
9.914042e-01 2.889895e+00 1.598294e+00 1.210226e-01 4.259690e+00 5.287074e-03 5.545531e-03 2.561036e-03 7.087559e-04 6.309150e-04 8.660731e-04 8.963055e-04 9.130467e-04 8.938527e-04 8.130541e-04 6.795124e-04 5.801479e-04 4.865368e-04 3.967577e-04 3.347910e-04 2.804838e-04 2.295947e-04 2.007640e-04 1.656085e-04 1.163956e-04 8.066558e-05 4.995643e-05 1.898199e-05 5.960389e-06 1.248319e-06 6.703015e-08
3.805117e-01 8.069358e-01 1.798137e+00 1.129229e-01 3.924847e+00 4.882215e-03 5.296280e-03 2.829444e-03 8.939115e-04 5.734151e-04 8.190660e-04 8.671937e-04 9.090315e-04 8.907457e-04 8.086446e-04 6.937774e-04 5.854471e-04 4.867616e-04 4.029883e-04 3.326301e-04 2.796318e-04 2.382503e-04 2.008597e-04 1.646905e-04 1.162848e-04 8.219867e-05 4.962995e-05 1.902542e-05 6.007571e-06 1.244014e-06 6.760485e-08
7.122211e-01 5.206228e-01 1.055130e+00 1.100733e-01 9.860288e+00 4.296018e-03 5.545743e-03 2.970093e-03 9.904004e-04 5.931985e-04 7.676284e-04 8.723245e-04 9.017432e-04 8.832552e-04 8.122054e-04 6.964114e-04 5.842659e-04 4.924961e-04 4.035549e-04 3.387791e-04 2.797308e-04 2.331607e-04 2.010443e-04 1.633202e-04 1.189048e-04 8.378421e-05 4.952592e-05 1.906067e-05 5.797488e-06 1.322148e-06 7.172207e-08
2.173919e+00 1.989529e+00 1.985873e+00 1.135324e-01 3.711324e+00 2.783090e-03 5.406549e-03 3.810109e-03 1.466742e-03 4.963234e-04 7.739508e-04 8.728688e-04 9.005652e-04 8.758368e-04 8.163080e-04 6.974678e-04 5.843357e-04 4.844767e-04 4.070791e-04 3.295008e-04 2.807101e-04 2.371887e-04 2.007266e-04 1.644665e-04 1.170527e-04 8.059399e-05 4.941318e-05 1.893013e-05 6.041282e-06 1.246910e-06 6.841236e-08
2.341480e+00 2.720849e+00 2.204466e+00 1.142946e-01 2.021545e+00 2.747672e-03 5.380501e-03 3.823511e-03 1.536906e-03 4.825150e-04 7.678544e-04 8.732280e-04 8.963844e-04 8.711185e-04 8.142167e-04 6.983882e-04 5.823258e-04 4.887612e-04 4.019626e-04 3.334495e-04 2.782825e-04 2.334753e-04 2.028125e-04 1.633398e-04 1.170008e-04 8.085495e-05 4.972299e-05 1.892056e-05 6.036369e-06 1.231926e-06 6.933355e-08
3.625694e-01 1.088802e+00 1.430744e+00 1.131725e-01 7.446374e+00 5.239743e-03 5.235059e-03 2.681082e-03 8.327272e-04 5.817313e-04 8.237714e-04 8.920320e-04 8.911697e-04 8.983289e-04 8.104350e-04 6.969208e-04 5.839369e-04 4.826116e-04 4.028972e-04 3.308623e-04 2.852848e-04 2.332674e-04 2.026865e-04 1.633300e-04 1.172321e-04 8.005034e-05 4.967530e-05 1.904840e-05 5.972690e-06 1.281612e-06 6.828039e-08
1.159726e+00 5.408652e-01 1.734512e+00 1.295082e-01 9.649478e+00 3.703646e-03 5.681784e-03 3.192809e-03 1.127195e-03 5.625891e-04 7.915155e-04 8.541439e-04 9.216781e-04 8.734347e-04 8.110842e-04 6.940701e-04 5.777632e-04 4.917324e-04 4.034557e-04 3.324519e-04 2.815689e-04 2.346691e-04 2.007354e-04 1.653856e-04 1.166906e-04 8.107409e-05 4.993713e-05 1.919482e-05 6.037157e-06 1.271188e-06 6.617639e-08
1.598693e+00 6.093657e-01 2.060520e+00 1.150353e-01 3.014643e+00 3.366020e-03 5.608329e-03 3.385943e-03 1.213519e-03 5.478237e-04 7.652014e-04 8.498833e-04 9.030727e-04 8.960161e-04 8.104196e-04 6.990198e-04 5.862262e-04 4.854309e-04 4.018241e-04 3.340977e-04 2.852363e-04 2.337054e-04 2.003446e-04 1.650258e-04 1.171054e-04 8.139147e-05 4.971364e-05 1.903543e-05 6.057077e-06 1.256529e-06 6.989417e-08
1.413510e+00 2.354999e+00 1.998483e+00 1.111537e-01 1.790975e+00 4.083553e-03 5.804682e-03 3.052047e-03 9.348044e-04 5.922478e-04 8.415716e-04 8.898226e-04 9.200616e-04 8.922014e-04 8.148464e-04 6.811862e-04 5.851487e-04 4.898386e-04 3.983685e-04 3.316817e-04 2.807253e-04 2.315546e-04 2.036182e-04 1.635520e-04 1.167477e-04 8.176523e-05 4.967849e-05 1.895177e-05 6.023390e-06 1.228341e-06 6.817185e-08
2.426166e+00 3.472427e+00 1.949493e+00 1.212963e-01 7.312418e+00 2.563216e-03 5.224352e-03 3.913523e-03 1.670240e-03 4.764302e-04 7.486364e-04 8.796845e-04 9.084088e-04 8.748536e-04 8.223494e-04 6.967534e-04 5.854688e-04 4.871091e-04 4.000974e-04 3.312207e-04 2.797458e-04 2.313260e-04 2.020688e-04 1.639106e-04 1.175218e-04 8.197950e-05 4.909810e-05 1.905968e-05 5.948923e-06 1.259627e-06 6.569715e-08
1.672246e+00 1.239205e+00 1.239554e+00 1.188742e-01 2.091822e+00 3.158967e-03 5.569756e-03 3.539397e-03 1.334459e-03 5.175457e-04 7.951326e-04 8.880332e-04 8.897672e-04 8.943945e-04 8.047010e-04 6.981203e-04 5.891029e-04 4.855132e-04 4.007414e-04 3.344833e-04 2.808761e-04 2.375427e-04 1.994065e-04 1.641159e-04 1.169204e-04 8.102744e-05 4.980349e-05 1.909274e-05 6.155196e-06 1.197302e-06 7.360758e-08
2.357962e+00 2.613530e+00 1.569883e+00 1.182179e-01 8.418436e+00 2.485226e-03 5.134575e-03 3.932503e-03 1.785471e-03 4.282197e-04 7.563783e-04 8.413869e-04 8.853359e-04 9.002422e-04 8.187762e-04 6.978427e-04 5.819590e-04 4.883132e-04 4.027168e-04 3.320806e-04 2.801597e-04 2.358343e-04 1.998515e-04 1.638322e-04 1.174197e-04 8.041196e-05 4.906028e-05 1.898391e-05 6.040650e-06 1.222458e-06 6.692315e-08
1.187578e+00 6.554456e-01 1.882777e+00 1.295174e-01 6.262967e+00 3.704014e-03 5.682590e-03 3.204397e-03 1.114285e-03 5.618821e-04 7.985532e-04 8.598755e-04 9.110650e-04 8.772620e-04 8.087170e-04 6.951512e-04 5.791248e-04 4.943233e-04 4.048967e-04 3.353561e-04 2.769673e-04 2.371916e-04 2.044240e-04 1.651133e-04 1.167154e-04 8.053082e-05 4.983888e-05 1.890600e-05 6.015833e-06 1.264607e-06 6.620415e-08
9.513213e-01 1.221235e+00 1.624953e+00 1.166186e-01 1.453093e+00 4.354806e-03 5.629738e-03 2.907105e-03 9.635559e-04 5.885510e-04 8.137151e-04 8.794125e-04 8.750990e-04 9.076626e-04 8.174590e-04 6.878168e-04 5.878890e-04 4.881586e-04 3.998493e-04 3.322228e-04 2.809884e-04 2.387612e-04 1.994477e-04 1.638703e-04 1.183033e-04 7.952851e-05 5.009925e-05 1.893141e-05 5.970611e-06 1.221069e-06 6.800279e-08
1.777116e+00 2.930662e+00 2.007500e+00 1.166790e-01 4.972901e+00 3.448505e-03 5.778572e-03 3.422454e-03 1.083367e-03 5.892479e-04 8.366938e-04 8.674454e-04 9.112871e-04 8.957855e-04 8.088078e-04 6.910823e-04 5.850186e-04 4.856218e-04 3.984014e-04 3.318755e-04 2.763981e-04 2.337310e-04 2.068185e-04 1.615521e-04 1.164361e-04 8.050964e-05 4.971648e-05 1.895838e-05 6.041941e-06 1.255736e-06 6.854562e-08
1.226432e+00 1.100162e+00 1.564049e+00 1.217849e-01 2.143477e+00 3.805592e-03 5.731645e-03 3.138060e-03 1.048874e-03 5.667486e-04 7.832826e-04 8.633970e-04 9.129120e-04 8.871811e-04 8.076795e-04 6.889944e-04 5.851913e-04 4.943316e-04 4.028720e-04 3.346616e-04 2.775731e-04 2.344270e-04 2.064764e-04 1.626950e-04 1.169434e-04 8.109735e-05 4.945742e-05 1.906790e-05 5.905716e-06 1.226950e-06 6.878374e-08
2.050643e-01 2.246668e+00 1.341487e+00 1.192963e-01 1.602719e+00 6.421926e-03 4.854744e-03 2.373174e-03 6.405123e-04 6.376408e-04 8.729919e-04 8.846390e-04 9.020837e-04 8.771202e-04 8.087745e-04 6.811537e-04 5.837095e-04 4.852403e-04 4.008058e-04 3.292685e-04 2.804515e-04 2.336711e-04 2.025302e-04 1.621222e-04 1.166282e-04 8.036993e-05 4.975075e-05 1.914647e-05 6.133672e-06 1.237875e-06 6.852701e-08
1.493860e+00 2.259547e+00 2.225085e+00 1.277899e-01 9.947799e+00 3.779803e-03 5.782662e-03 3.188858e-03 1.038672e-03 5.892863e-04 8.041166e-04 8.833408e-04 9.141191e-04 8.700086e-04 8.114493e-04 6.967076e-04 5.791802e-04 4.873483e-04 3.970442e-04 3.332473e-04 2.831879e-04 2.351863e-04 2.036397e-04 1.636867e-04 1.160538e-04 8.002546e-05 4.999137e-05 1.885232e-05 5.921387e-06 1.286377e-06 6.960668e-08
7.895859e-01 2.003464e+00 1.588469e+00 1.239312e-01 1.252345e+00 5.257702e-03 5.362124e-03 2.629429e-03 8.385499e-04 6.211942e-04 8.380065e-04 8.941142e-04 9.058153e-04 9.001301e-04 7.991532e-04 6.868952e-04 5.848816e-04 4.869378e-04 4.008035e-04 3.376994e-04 2.810640e-04 2.315394e-04 1.994616e-04 1.667767e-04 1.164234e-04 8.003690e-05 4.907081e-05 1.908128e-05 6.056332e-06 1.316030e-06 7.011417e-08
4.218488e-01 2.126617e+00 1.490560e+00 1.251234e-01 4.312997e+00 6.121100e-03 4.945870e-03 2.443084e-03 7.362829e-04 6.347012e-04 8.498444e-04 8.889615e-04 9.188220e-04 8.851425e-04 8.048708e-04 6.906507e-04 5.805997e-04 4.865519e-04 4.020522e-04 3.329972e-04 2.819627e-04 2.322768e-04 2.041015e-04 1.627014e-04 1.149348e-04 8.160344e-05 4.934018e-05 1.903361e-05 5.988337e-06 1.231242e-06 6.842610e-08
3.000531e-01 3.464791e+00 1.304331e+00 1.266094e-01 8.294875e+00 7.386954e-03 4.529046e-03 2.122981e-03 6.200803e-04 7.156190e-04 8.736047e-04 9.191814e-04 9.222108e-04 8.893447e-04 8.025303e-04 6.894586e-04 5.757635e-04 4.880816e-04 3.972134e-04 3.336456e-04 2.779949e-04 2.340866e-04 2.013843e-04 1.629148e-04 1.148233e-04 8.120217e-05 4.936989e-05 1.898315e-05 6.066291e-06 1.234617e-06 6.826739e-08
8.077248e-01 1.484938e+00 1.376173e+00 1.191011e-01 2.153359e+00 4.871164e-03 5.461239e-03 2.762943e-03 9.055507e-04 6.146873e-04 8.358717e-04 8.699853e-04 9.009179e-04 9.031373e-04 8.017342e-04 6.927984e-04 5.840849e-04 4.906537e-04 4.011602e-04 3.336249e-04 2.840800e-04 2.344139e-04 2.017820e-04 1.658719e-04 1.189886e-04 7.933602e-05 5.028809e-05 1.916652e-05 6.002949e-06 1.207523e-06 6.939999e-08
1.203112e+00 1.597264e+00 1.744571e+00 1.294230e-01 3.406226e+00 4.049259e-03 5.747953e-03 3.052943e-03 9.808207e-04 5.827137e-04 8.119468e-04 8.887299e-04 9.223775e-04 8.962105e-04 7.997149e-04 6.937552e-04 5.817879e-04 4.946842e-04 3.984697e-04 3.288506e-04 2.798295e-04 2.346455e-04 1.987957e-04 1.649299e-04 1.173272e-04 8.124197e-05 4.928482e-05 1.940621e-05 6.098114e-06 1.213794e-06 6.913331e-08
2.259409e+00 2.951028e+00 1.875584e+00 1.152816e-01 5.816734e+00 2.717606e-03 5.347070e-03 3.870716e-03 1.542923e-03 5.570885e-04 8.009061e-04 8.862705e-04 9.094329e-04 8.704173e-04 8.207003e-04 6.946336e-04 5.790727e-04 4.903510e-04 3.965443e-04 3.376311e-04 2.788388e-04 2.377601e-04 1.995379e-04 1.636595e-04 1.165246e-04 8.042644e-05 4.961899e-05 1.898779e-05 6.082153e-06 1.260197e-06 6.732361e-08
1.750890e+00 2.427443e+00 1.952326e+00 1.144838e-01 6.468583e+00 3.512060e-03 5.685900e-03 3.380921e-03 1.168946e-03 5.581856e-04 8.225585e-04 8.820515e-04 9.285613e-04 8.763840e-04 8.114731e-04 6.909644e-04 5.869327e-04 4.841907e-04 4.018521e-04 3.375235e-04 2.805249e-04 2.330075e-04 2.021134e-04 1.613700e-04 1.178016e-04 8.070631e-05 4.896461e-05 1.903329e-05 6.115302e-06 1.247587e-06 6.607706e-08
5.982963e-01 2.469844e+00 2.137525e+00 1.238494e-01 7.322221e-01 6.197867e-03 4.977773e-03 2.444030e-03 6.504968e-04 6.611292e-04 8.401528e-04 8.842894e-04 9.225750e-04 8.746666e-04 8.097023e-04 6.855810e-04 5.794341e-04 4.896320e-04 3.981014e-04 3.289785e-04 2.805725e-04 2.365281e-04 2.033133e-04 1.637047e-04 1.165117e-04 7.938856e-05 4.988582e-05 1.885770e-05 6.140116e-06 1.233652e-06 6.891726e-08
1.618907e+00 2.251667e+00 2.404931e+00 1.192769e-01 5.625423e+00 3.699991e-03 5.768023e-03 3.232774e-03 1.076640e-03 6.007426e-04 8.130431e-04 8.895227e-04 9.137220e-04 9.063910e-04 7.963233e-04 6.926682e-04 5.850547e-04 4.856098e-04 4.028601e-04 3.315425e-04 2.813814e-04 2.345466e-04 1.987312e-04 1.649703e-04 1.176998e-04 8.051264e-05 5.023772e-05 1.903403e-05 5.941962e-06 1.259083e-06 6.895420e-08
9.433832e-01 1.940524e+00 2.121822e+00 1.212049e-01 9.619895e-01 4.971462e-03 5.472308e-03 2.735382e-03 8.412315e-04 5.988300e-04 8.148349e-04 9.052643e-04 9.195267e-04 8.859186e-04 8.140594e-04 6.951441e-04 5.839029e-04 4.846608e-04 4.002590e-04 3.334122e-04 2.791238e-04 2.359865e-04 1.988470e-04 1.640270e-04 1.170919e-04 8.125527e-05 4.924808e-05 1.899623e-05 6.026243e-06 1.200368e-06 6.590799e-08
3.528175e-01 2.733335e+00 1.844670e+00 1.259146e-01 3.441981e+00 6.786839e-03 4.717215e-03 2.250717e-03 6.578499e-04 6.574817e-04 8.782133e-04 8.990746e-04 9.145746e-04 8.931360e-04 8.004410e-04 6.933688e-04 5.762622e-04 4.892673e-04 3.961196e-04 3.325314e-04 2.788971e-04 2.346796e-04 1.997491e-04 1.631413e-04 1.162239e-04 8.054409e-05 4.981873e-05 1.921752e-05 6.124715e-06 1.187353e-06 6.640359e-08
8.906862e-02 3.324911e+00 1.444555e+00 1.249188e-01 5.239163e+00 7.405355e-03 4.540119e-03 2.056042e-03 6.077592e-04 6.858668e-04 8.877335e-04 9.059972e-04 9.207293e-04 8.859123e-04 7.979957e-04 6.882089e-04 5.805243e-04 4.875655e-04 3.948505e-04 3.316497e-04 2.789285e-04 2.344623e-04 1.987862e-04 1.649565e-04 1.166824e-04 8.046432e-05 5.006872e-05 1.883188e-05 6.096983e-06 1.224107e-06 7.048507e-08
2.334696e+00 5.099326e-01 1.487129e+00 1.204248e-01 6.646471e+00 2.552605e-03 5.116705e-03 3.911361e-03 1.744317e-03 4.521085e-04 7.456099e-04 8.726124e-04 8.823380e-04 8.790430e-04 8.087903e-04 7.073624e-04 5.823914e-04 4.982333e-04 3.991805e-04 3.386909e-04 2.821192e-04 2.361936e-04 2.003474e-04 1.637290e-04 1.184769e-04 7.970389e-05 4.986658e-05 1.887172e-05 6.198711e-06 1.190709e-06 6.729607e-08
1.849793e+00 1.544699e+00 2.087027e+00 1.216564e-01 3.314783e+00 3.137994e-03 5.540381e-03 3.604415e-03 1.331194e-03 5.069824e-04 7.990489e-04 8.849003e-04 9.007490e-04 8.976872e-04 8.049219e-04 6.994340e-04 5.830767e-04 4.884179e-04 4.032403e-04 3.347798e-04 2.847807e-04 2.311837e-04 1.968949e-04 1.684706e-04 1.153848e-04 8.090728e-05 4.929770e-05 1.902862e-05 5.981657e-06 1.271332e-06 6.983519e-08
1.611888e+00 1.002040e+00 2.404843e+00 1.199710e-01 1.839448e+00 3.370009e-03 5.658829e-03 3.369787e-03 1.205548e-03 5.489968e-04 7.947153e-04 8.698411e-04 9.093756e-04 8.797730e-04 8.095184e-04 6.968038e-04 5.837979e-04 4.900539e-04 3.967374e-04 3.384147e-04 2.768845e-04 2.334920e-04 2.019214e-04 1.651491e-04 1.177354e-04 7.988493e-05 4.958653e-05 1.884524e-05 6.176450e-06 1.218964e-06 7.016333e-08
1.306330e+00 2.949057e+00 1.637926e+00 1.186122e-01 7.517225e+00 4.408454e-03 5.838170e-03 2.867977e-03 8.511129e-04 6.240983e-04 8.423781e-04 8.884086e-04 9.186631e-04 8.855740e-04 7.957918e-04 6.984463e-04 5.772162e-04 4.878205e-04 4.016702e-04 3.327877e-04 2.826432e-04 2.280661e-04 1.968324e-04 1.667094e-04 1.169686e-04 8.055897e-05 4.981700e-05 1.905719e-05 5.998277e-06 1.287189e-06 6.704733e-08
2.764072e-01 1.575597e+00 1.566095e+00 1.272284e-01 4.319466e+00 5.843679e-03 5.047810e-03 2.475831e-03 7.824140e-04 6.267389e-04 8.493534e-04 8.586301e-04 9.129029e-04 8.832900e-04 8.065368e-04 6.957444e-04 5.784356e-04 4.919373e-04 3.987954e-04 3.256009e-04 2.829233e-04 2.349388e-04 2.008063e-04 1.658729e-04 1.158389e-04 8.054566e-05 4.995108e-05 1.899593e-05 6.055887e-06 1.250102e-06 6.701334e-08
2.440437e+00 3.132626e+00 1.997099e+00 1.133771e-01 3.200922e+00 2.570611e-03 5.235407e-03 3.921106e-03 1.718143e-03 4.712669e-04 7.673711e-04 8.709778e-04 8.858671e-04 8.976843e-04 8.208494e-04 6.926075e-04 5.865740e-04 4.885886e-04 3.989339e-04 3.366045e-04 2.777991e-04 2.320274e-04 1.984060e-04 1.643459e-04 1.162714e-04 8.152900e-05 4.962772e-05 1.895597e-05 6.030227e-06 1.241657e-06 6.894462e-08
2.451921e+00 1.280131e+00 1.289569e+00 1.250255e-01 1.414569e-01 2.300896e-03 4.831663e-03 3.993356e-03 1.963890e-03 4.726352e-04 6.676658e-04 8.417171e-04 9.163138e-04 9.016347e-04 8.128301e-04 6.977455e-04 5.919270e-04 4.827451e-04 4.050282e-04 3.349851e-04 2.832575e-04 2.353666e-04 1.999805e-04 1.663579e-04 1.149377e-04 8.325093e-05 4.887052e-05 1.934419e-05 6.007263e-06 1.244570e-06 6.662992e-08
5.856390e-01 1.029894e+00 1.247778e+00 1.152932e-01 4.418188e-01 4.867021e-03 5.348863e-03 2.795193e-03 9.198352e-04 6.150985e-04 8.068006e-04 8.678001e-04 9.041670e-04 8.881787e-04 8.017209e-04 7.000003e-04 5.814269e-04 4.863237e-04 4.028742e-04 3.325360e-04 2.814658e-04 2.327997e-04 2.022195e-04 1.661980e-04 1.170917e-04 8.055317e-05 4.968679e-05 1.885523e-05 6.119013e-06 1.234603e-06 6.991928e-08
2.259789e+00 3.300587e+00 1.164107e+00 1.156813e-01 6.275827e+00 2.583238e-03 5.123879e-03 4.023039e-03 1.663281e-03 4.895301e-04 7.579457e-04 8.693705e-04 9.193988e-04 8.966620e-04 8.076730e-04 6.903510e-04 5.837573e-04 4.854899e-04 3.986377e-04 3.307103e-04 2.824927e-04 2.354377e-04 1.994215e-04 1.645468e-04 1.173262e-04 8.058659e-05 4.980574e-05 1.894164e-05 6.101252e-06 1.270889e-06 6.635483e-08
1.049972e+00 5.884965e-01 1.142226e+00 1.288196e-01 2.847839e+00 3.757071e-03 5.673597e-03 3.243003e-03 1.051429e-03 5.542824e-04 7.881350e-04 8.585038e-04 8.939453e-04 9.096324e-04 8.155101e-04 6.943042e-04 5.800845e-04 4.933743e-04 4.029959e-04 3.321001e-04 2.829853e-04 2.351895e-04 2.045826e-04 1.634288e-04 1.182788e-04 8.367432e-05 4.844506e-05 1.931719e-05 5.845161e-06 1.261222e-06 6.337311e-08
2.212731e-01 1.687983e+00 1.704886e+00 1.241202e-01 4.536621e+00 5.893416e-03 4.995367e-03 2.518963e-03 7.721646e-04 6.403812e-04 8.508736e-04 8.868075e-04 9.131658e-04 8.877276e-04 7.994285e-04 7.004756e-04 5.800179e-04 4.831971e-04 4.005467e-04 3.323524e-04 2.819155e-04 2.341374e-04 2.027471e-04 1.658914e-04 1.156659e-04 8.168520e-05 4.959118e-05 1.908701e-05 6.016886e-06 1.270739e-06 6.660822e-08
1.083865e+00 5.993020e-01 1.665854e+00 1.261422e-01 6.874841e+00 3.765370e-03 5.653781e-03 3.148713e-03 1.105083e-03 5.831187e-04 7.826460e-04 8.722514e-04 9.066296e-04 8.820569e-04 8.112194e-04 6.938862e-04 5.872804e-04 4.877688e-04 4.040982e-04 3.318824e-04 2.854833e-04 2.296048e-04 2.026175e-04 1.666344e-04 1.161100e-04 8.207476e-05 4.978530e-05 1.886172e-05 6.058767e-06 1.253712e-06 6.953356e-08
8.364329e-01 2.339318e+00 1.735650e+00 1.116736e-01 3.296266e+00 5.479627e-03 5.314027e-03 2.597826e-03 7.271555e-04 6.458432e-04 8.463498e-04 8.839976e-04 9.109617e-04 8.815373e-04 8.162128e-04 6.786541e-04 5.807897e-04 4.871761e-04 3.960315e-04 3.329960e-04 2.813796e-04 2.301904e-04 2.055399e-04 1.609426e-04 1.176456e-04 8.036329e-05 4.997576e-05 1.892277e-05 6.101019e-06 1.243833e-06 6.820826e-08
5.771978e-01 2.326621e+00 1.562127e+00 1.143419e-01 3.316510e+00 6.070651e-03 5.077996e-03 2.424408e-03 7.184675e-04 6.448867e-04 8.560999e-04 8.977583e-04 9.114203e-04 8.877104e-04 8.103194e-04 6.894484e-04 5.786020e-04 4.861410e-04 4.000802e-04 3.311159e-04 2.828763e-04 2.301623e-04 2.031131e-04 1.643024e-04 1.169724e-04 8.086630e-05 4.926014e-05 1.911240e-05 6.045534e-06 1.232602e-06 6.746785e-08
6.799894e-01 2.253706e+00 2.362775e+00 1.122335e-01 4.964229e+00 5.922840e-03 5.071726e-03 2.518356e-03 7.102651e-04 6.574522e-04 8.611314e-04 8.920290e-04 9.120561e-04 8.908985e-04 8.060320e-04 6.910090e-04 5.760913e-04 4.869581e-04 4.015674e-04 3.323412e-04 2.795003e-04 2.339795e-04 1.991444e-04 1.653368e-04 1.168588e-04 8.104076e-05 4.943467e-05 1.896895e-05 6.057627e-06 1.235144e-06 6.905770e-08
8.969413e-01 2.055770e+00 2.270045e+00 1.283503e-01 9.807427e+00 5.142129e-03 5.445543e-03 2.694081e-03 7.627585e-04 6.486149e-04 8.398967e-04 8.700994e-04 9.225545e-04 8.840842e-04 8.048772e-04 6.924143e-04 5.820268e-04 4.872028e-04 4.039449e-04 3.265358e-04 2.789732e-04 2.342029e-04 2.013280e-04 1.662094e-04 1.160101e-04 8.185780e-05 4.898410e-05 1.920197e-05 5.940677e-06 1.234261e-06 6.704652e-08
1.688607e+00 1.011664e+00 2.321018e+00 1.179164e-01 2.030601e+00 3.335884e-03 5.598741e-03 3.425621e-03 1.275485e-03 5.350590e-04 7.875503e-04 8.866942e-04 8.939678e-04 8.963095e-04 8.065641e-04 6.890628e-04 5.851266e-04 4.909330e-04 4.017929e-04 3.344404e-04 2.826937e-04 2.350578e-04 2.029218e-04 1.615420e-04 1.189362e-04 8.194677e-05 4.946053e-05 1.897522e-05 6.029467e-06 1.251567e-06 6.753899e-08
2.248385e+00 3.319983e+00 1.658478e+00 1.164053e-01 8.244185e+00 2.767001e-03 5.251711e-03 3.879993e-03 1.524750e-03 5.136645e-04 7.706379e-04 8.666033e-04 9.105772e-04 8.839212e-04 8.094812e-04 7.009183e-04 5.874965e-04 4.830648e-04 3.979872e-04 3.365849e-04 2.761237e-04 2.332444e-04 2.011819e-04 1.660037e-04 1.157732e-04 8.256746e-05 4.911369e-05 1.879253e-05 6.032674e-06 1.266689e-06 6.865800e-08
1.926643e+00 1.206952e+00 2.037575e+00 1.265213e-01 3.204911e+00 2.917924e-03 5.399269e-03 3.747736e-03 1.438354e-03 5.243670e-04 7.704838e-04 8.734366e-04 8.985152e-04 8.997124e-04 8.104121e-04 6.876533e-04 5.890651e-04 4.900145e-04 3.990268e-04 3.295852e-04 2.817425e-04 2.362162e-04 1.997627e-04 1.664775e-04 1.170302e-04 8.140068e-05 4.965849e-05 1.898671e-05 5.991481e-06 1.248524e-06 6.945716e-08
6.221845e-02 2.489965e+00 2.040497e+00 1.124868e-01 3.145176e-01 6.727964e-03 4.712779e-03 2.287708e-03 6.525346e-04 6.824238e-04 8.707040e-04 8.877352e-04 8.904044e-04 8.811633e-04 8.173671e-04 6.910247e-04 5.793920e-04 4.869283e-04 3.956632e-04 3.331648e-04 2.798062e-04 2.344952e-04 2.009782e-04 1.628858e-04 1.168779e-04 8.109440e-05 4.952492e-05 1.873551e-05 6.136136e-06 1.236109e-06 6.982145e-08
8.579963e-02 1.644431e+00 1.306618e+00 1.295860e-01 4.248649e+00 6.015001e-03 4.947839e-03 2.451647e-03 7.701166e-04 6.279658e-04 8.452177e-04 8.939941e-04 9.150604e-04 9.001068e-04 8.046689e-04 6.911177e-04 5.819985e-04 4.821429e-04 4.015203e-04 3.320614e-04 2.851534e-04 2.328380e-04 2.020827e-04 1.658217e-04 1.169773e-04 8.058388e-05 4.960653e-05 1.899739e-05 6.014732e-06 1.226963e-06 6.804026e-08
5.150966e-01 7.517750e-01 1.920442e+00 1.228633e-01 2.971168e+00 4.732679e-03 5.355692e-03 2.838661e-03 9.572350e-04 5.961003e-04 8.140148e-04 8.680123e-04 9.170956e-04 8.905024e-04 8.046716e-04 6.972314e-04 5.802871e-04 4.964007e-04 3.961649e-04 3.356652e-04 2.840724e-04 2.352486e-04 2.040451e-04 1.631149e-04 1.158917e-04 8.159768e-05 4.989685e-05 1.890437e-05 6.047169e-06 1.250226e-06 6.735275e-08
2.366603e+00 3.362517e+00 1.110503e+00 1.255946e-01 8.454762e+00 2.467832e-03 4.941875e-03 4.020687e-03 1.819286e-03 4.748099e-04 7.379619e-04 8.669707e-04 9.007297e-04 8.897533e-04 8.043359e-04 6.955887e-04 5.790762e-04 4.928819e-04 4.029857e-04 3.323489e-04 2.802675e-04 2.331039e-04 1.969733e-04 1.673601e-04 1.160535e-04 8.134805e-05 4.934692e-05 1.919301e-05 5.936026e-06 1.279109e-06 6.729698e-08
6.197334e-01 1.058159e+00 2.144637e+00 1.146651e-01 9.206018e+00 4.881982e-03 5.306503e-03 2.821550e-03 9.035399e-04 6.171374e-04 8.177000e-04 8.768733e-04 9.036284e-04 8.762510e-04 8.114009e-04 6.898465e-04 5.849005e-04 4.909809e-04 4.017600e-04 3.306787e-04 2.849005e-04 2.294874e-04 2.030113e-04 1.685185e-04 1.159555e-04 8.066729e-05 4.990172e-05 1.900122e-05 6.097973e-06 1.242416e-06 6.856253e-08
2.668220e-01 1.168662e+00 1.783691e+00 1.241643e-01 7.940755e+00 5.432991e-03 5.128774e-03 2.639773e-03 8.476695e-04 6.134950e-04 8.223018e-04 8.584083e-04 9.366594e-04 8.721715e-04 8.005731e-04 6.950926e-04 5.858763e-04 4.858803e-04 3.985111e-04 3.335401e-04 2.833029e-04 2.374837e-04 2.002959e-04 1.644090e-04 1.186510e-04 8.118207e-05 4.915664e-05 1.908224e-05 6.088620e-06 1.214419e-06 6.878739e-08
1.671006e+00 8.078546e-01 2.052124e+00 1.158470e-01 7.190371e+00 3.287349e-03 5.604851e-03 3.478812e-03 1.232301e-03 5.328959e-04 7.884763e-04 8.704415e-04 8.936411e-04 8.888343e-04 8.103626e-04 6.994881e-04 5.892982e-04 4.897702e-04 4.048094e-04 3.323592e-04 2.839413e-04 2.361577e-04 1.994171e-04 1.635984e-04 1.173131e-04 8.113511e-05 4.982287e-05 1.911254e-05 6.033538e-06 1.266190e-06 6.741533e-08
3.443071e-01 2.258959e+00 1.327102e+00 1.236388e-01 7.188567e+00 6.371090e-03 4.825347e-03 2.391549e-03 6.940008e-04 6.371391e-04 8.515559e-04 8.815910e-04 9.317922e-04 8.824715e-04 8.100205e-04 6.875068e-04 5.798047e-04 4.903984e-04 3.979965e-04 3.316709e-04 2.799544e-04 2.315746e-04 2.027451e-04 1.632407e-04 1.163556e-04 7.996808e-05 4.982014e-05 1.901288e-05 6.045601e-06 1.261412e-06 6.751922e-08
6.547687e-01 6.931183e-01 2.039752e+00 1.160840e-01 6.224924e-01 4.528055e-03 5.372745e-03 2.941324e-03 1.021170e-03 5.769897e-04 8.087206e-04 8.588988e-04 9.187295e-04 8.792587e-04 8.091177e-04 6.883252e-04 5.918697e-04 4.890770e-04 4.002061e-04 3.324089e-04 2.792393e-04 2.350328e-04 2.044949e-04 1.652220e-04 1.166252e-04 8.113851e-05 4.960798e-05 1.899169e-05 6.072035e-06 1.248634e-06 6.832774e-08
3.316733e-01 2.094965e+00 1.309133e+00 1.242053e-01 7.851626e+00 6.294939e-03 4.887519e-03 2.414843e-03 7.229724e-04 6.422355e-04 8.711250e-04 9.007753e-04 9.139133e-04 8.837686e-04 8.034123e-04 6.899627e-04 5.798936e-04 4.878297e-04 4.018816e-04 3.304080e-04 2.769242e-04 2.341075e-04 1.983347e-04 1.657095e-04 1.174127e-04 8.069184e-05 4.959502e-05 1.900182e-05 6.075240e-06 1.220850e-06 6.862405e-08
1.077288e+00 1.511034e+00 1.269788e+00 1.230881e-01 9.714709e+00 4.215397e-03 5.725977e-03 2.994958e-03 9.496441e-04 6.047313e-04 8.086706e-04 8.870575e-04 9.031302e-04 9.029508e-04 8.057846e-04 6.948220e-04 5.816656e-04 4.888991e-04 3.986317e-04 3.367657e-04 2.807511e-04 2.338968e-04 2.013716e-04 1.632227e-04 1.170519e-04 8.067533e-05 5.007417e-05 1.904511e-05 6.136318e-06 1.291891e-06 6.958895e-08
1.311284e+00 2.798993e+00 1.551008e+00 1.224755e-01 4.293305e-01 4.245860e-03 5.853249e-03 2.890314e-03 9.279687e-04 6.380206e-04 8.516429e-04 8.880500e-04 8.999019e-04 8.549911e-04 8.287205e-04 6.827975e-04 5.794646e-04 4.902656e-04 3.998965e-04 3.304613e-04 2.803260e-04 2.318946e-04 1.971383e-04 1.644990e-04 1.166938e-04 8.094928e-05 4.993499e-05 1.886371e-05 5.959810e-06 1.247512e-06 6.665476e-08
1.063234e+00 5.740317e-01 2.314795e+00 1.165833e-01 4.639868e-01 3.922456e-03 5.631789e-03 3.089549e-03 1.071803e-03 5.708079e-04 7.842220e-04 8.765617e-04 8.958790e-04 8.741355e-04 8.188874e-04 6.905987e-04 5.820856e-04 4.967579e-04 3.977249e-04 3.364402e-04 2.820547e-04 2.381208e-04 1.996123e-04 1.649651e-04 1.164554e-04 8.020112e-05 4.957060e-05 1.892826e-05 6.062704e-06 1.259858e-06 6.893750e-08
1.797979e+00 3.403515e+00 1.916596e+00 1.196150e-01 3.140526e+00 3.453658e-03 5.796651e-03 3.393408e-03 1.121840e-03 6.075524e-04 8.247015e-04 8.797846e-04 9.039674e-04 9.036971e-04 8.024180e-04 7.019693e-04 5.699381e-04 4.829629e-04 3.978023e-04 3.359262e-04 2.753868e-04 2.368990e-04 2.020834e-04 1.634077e-04 1.168911e-04 8.031236e-05 4.959761e-05 1.896277e-05 6.007014e-06 1.248529e-06 6.712364e-08
3.061579e-01 2.011456e+00 2.021671e+00 1.199439e-01 2.839959e+00 6.179840e-03 4.937638e-03 2.394287e-03 7.417550e-04 6.362744e-04 8.490410e-04 8.788714e-04 9.136601e-04 8.856001e-04 8.105197e-04 6.901728e-04 5.785820e-04 4.888198e-04 3.979458e-04 3.320503e-04 2.825937e-04 2.305552e-04 1.996374e-04 1.645369e-04 1.181425e-04 7.929781e-05 4.969794e-05 1.900764e-05 6.124015e-06 1.246527e-06 6.753338e-08
2.049373e+00 1.006609e+00 2.475883e+00 1.134580e-01 7.730236e+00 3.098472e-03 5.442694e-03 3.651628e-03 1.346015e-03 5.239413e-04 7.750554e-04 8.569844e-04 9.147014e-04 8.700693e-04 8.156126e-04 6.847553e-04 5.912648e-04 4.880458e-04 4.021432e-04 3.398341e-04 2.793898e-04 2.347368e-04 1.986165e-04 1.654769e-04 1.181409e-04 8.260841e-05 4.921904e-05 1.890882e-05 6.049797e-06 1.265588e-06 6.924782e-08
1.843552e+00 6.137174e-01 1.576996e+00 1.136541e-01 8.718488e+00 3.036029e-03 5.422809e-03 3.643221e-03 1.383354e-03 4.940825e-04 7.805094e-04 8.513488e-04 9.078772e-04 8.637560e-04 8.169047e-04 6.970601e-04 5.863065e-04 4.928067e-04 4.030386e-04 3.365712e-04 2.780261e-04 2.388334e-04 2.001644e-04 1.654995e-04 1.161110e-04 8.099459e-05 4.981845e-05 1.907981e-05 6.039535e-06 1.247748e-06 7.010145e-08
9.278568e-01 3.135811e+00 1.562232e+00 1.115188e-01 8.716008e+00 5.641412e-03 5.365965e-03 2.490224e-03 7.155635e-04 6.706926e-04 8.591935e-04 8.984877e-04 9.174481e-04 8.665130e-04 8.097366e-04 6.992282e-04 5.745140e-04 4.848320e-04 3.998487e-04 3.334604e-04 2.790329e-04 2.319645e-04 1.968694e-04 1.679088e-04 1.148425e-04 8.067423e-05 4.952029e-05 1.894886e-05 6.137957e-06 1.244004e-06 6.605127e-08
8.125296e-01 1.128455e+00 1.409069e+00 1.226436e-01 3.969250e+00 4.546863e-03 5.500203e-03 2.862057e-03 9.501862e-04 5.789234e-04 8.232661e-04 8.667342e-04 9.075155e-04 8.725569e-04 8.146907e-04 6.951536e-04 5.804713e-04 4.878635e-04 4.020559e-04 3.326339e-04 2.801419e-04 2.351107e-04 2.021675e-04 1.659571e-04 1.166936e-04 8.124782e-05 4.892023e-05 1.909167e-05 6.165270e-06 1.240385e-06 6.683654e-08
1.044913e+00 3.210852e+00 2.484219e+00 1.215299e-01 6.584537e+00 5.491307e-03 5.510814e-03 2.466771e-03 7.116707e-04 6.700911e-04 8.517626e-04 9.073335e-04 9.283701e-04 8.622803e-04 8.074913e-04 6.896932e-04 5.814570e-04 4.864999e-04 3.993198e-04 3.302276e-04 2.788933e-04 2.298254e-04 2.002324e-04 1.665031e-04 1.159372e-04 8.030672e-05 4.981452e-05 1.894273e-05 6.015459e-06 1.251632e-06 6.881637e-08
2.022821e+00 2.522815e+00 2.356714e+00 1.209610e-01 3.566293e+00 3.105671e-03 5.619290e-03 3.572967e-03 1.356869e-03 5.394712e-04 8.034276e-04 8.707279e-04 9.088744e-04 8.770832e-04 8.112793e-04 7.036318e-04 5.824661e-04 4.856877e-04 4.024389e-04 3.299378e-04 2.807577e-04 2.325279e-04 2.018014e-04 1.636872e-04 1.170053e-04 8.062185e-05 4.999698e-05 1.896381e-05 6.053010e-06 1.243388e-06 6.887760e-08
5.917946e-01 5.534610e-01 1.729969e+00 1.273150e-01 5.080619e-01 4.449151e-03 5.436872e-03 2.914537e-03 9.690936e-04 5.726481e-04 7.795576e-04 8.757009e-04 9.003619e-04 8.791085e-04 8.104595e-04 7.012049e-04 5.831532e-04 4.899567e-04 4.003545e-04 3.347644e-04 2.797921e-04 2.348609e-04 2.010823e-04 1.661077e-04 1.170653e-04 8.096926e-05 4.926497e-05 1.901147e-05 6.153459e-06 1.223874e-06 6.915785e-08
6.806090e-01 3.357638e+00 2.330332e+00 1.118988e-01 5.993718e+00 6.709782e-03 4.867231e-03 2.210039e-03 6.112113e-04 6.765078e-04 8.831919e-04 8.979008e-04 9.173009e-04 8.724453e-04 8.146364e-04 6.849325e-04 5.740548e-04 4.856476e-04 4.011574e-04 3.324352e-04 2.808090e-04 2.300076e-04 2.021643e-04 1.640563e-04 1.152428e-04 8.127554e-05 4.885865e-05 1.903632e-05 6.127875e-06 1.223117e-06 6.802376e-08
2.083534e+00 2.757037e+00 1.369274e+00 1.216054e-01 9.259004e+00 2.822138e-03 5.318202e-03 3.786809e-03 1.538579e-03 5.446756e-04 7.815515e-04 8.657570e-04 9.111794e-04 8.965701e-04 8.092671e-04 6.968034e-04 5.815223e-04 4.871296e-04 3.987464e-04 3.365206e-04 2.761406e-04 2.337838e-04 2.008292e-04 1.658204e-04 1.164900e-04 8.119094e-05 4.916786e-05 1.922730e-05 5.941778e-06 1.258812e-06 6.911535e-08
7.382831e-01 3.385639e+00 2.256962e+00 1.102822e-01 5.245660e+00 6.649600e-03 4.881529e-03 2.288718e-03 6.402259e-04 6.808234e-04 8.812668e-04 8.913473e-04 9.267977e-04 8.744877e-04 8.111451e-04 6.922366e-04 5.731689e-04 4.874531e-04 4.006114e-04 3.252863e-04 2.835474e-04 2.291313e-04 2.010889e-04 1.679993e-04 1.154441e-04 8.005447e-05 4.961158e-05 1.894522e-05 6.013667e-06 1.254130e-06 6.786982e-08
1.133063e+00 1.664902e+00 2.309029e+00 1.193807e-01 5.721210e+00 4.429047e-03 5.667518e-03 2.892833e-03 9.108482e-04 6.103879e-04 8.150367e-04 8.739776e-04 9.224626e-04 8.860029e-04 8.037422e-04 6.879282e-04 5.909503e-04 4.904092e-04 3.956234e-04 3.360644e-04 2.799439e-04 2.352336e-04 2.029300e-04 1.627102e-04 1.171161e-04 8.191771e-05 4.919212e-05 1.906107e-05 5.945236e-06 1.266841e-06 6.780763e-08
2.317016e+00 6.982608e-01 1.811254e+00 1.261986e-01 8.421018e+00 2.541925e-03 5.105628e-03 3.913242e-03 1.743553e-03 4.742083e-04 7.240662e-04 8.606459e-04 8.701144e-04 8.909775e-04 8.060068e-04 7.044600e-04 5.898712e-04 4.903929e-04 4.003584e-04 3.310201e-04 2.836177e-04 2.375690e-04 2.018933e-04 1.647950e-04 1.164162e-04 8.272721e-05 4.925651e-05 1.900071e-05 6.099147e-06 1.201936e-06 7.098257e-08
6.376813e-01 9.069165e-01 1.267661e+00 1.112452e-01 9.222217e+00 4.715391e-03 5.383701e-03 2.852558e-03 9.327077e-04 5.728257e-04 8.282117e-04 8.752692e-04 9.062428e-04 8.835240e-04 7.960163e-04 6.975939e-04 5.885104e-04 4.875169e-04 3.980955e-04 3.362487e-04 2.814958e-04 2.327784e-04 2.039591e-04 1.634976e-04 1.172699e-04 8.146605e-05 4.925405e-05 1.895530e-05 6.073115e-06 1.236560e-06 6.820595e-08
3.286762e-01 7.971197e-01 2.281875e+00 1.145383e-01 5.526612e+00 4.867583e-03 5.335646e-03 2.770697e-03 9.324892e-04 5.933978e-04 7.935887e-04 8.614771e-04 9.094522e-04 8.935262e-04 8.001131e-04 6.969907e-04 5.818998e-04 4.928676e-04 3.928536e-04 3.355296e-04 2.823438e-04 2.356100e-04 2.042347e-04 1.634912e-04 1.167037e-04 8.155464e-05 4.949439e-05 1.905118e-05 5.999321e-06 1.250668e-06 6.787410e-08
1.394762e+00 1.345991e+00 1.060220e+00 1.134764e-01 5.792201e+00 3.489915e-03 5.763950e-03 3.308143e-03 1.135035e-03 5.742400e-04 8.042231e-04 8.730253e-04 8.938566e-04 8.581811e-04 8.176978e-04 7.006991e-04 5.809574e-04 4.862708e-04 4.008741e-04 3.370365e-04 2.755778e-04 2.351304e-04 2.029505e-04 1.652233e-04 1.167398e-04 8.009327e-05 4.959061e-05 1.910254e-05 6.151318e-06 1.290340e-06 6.828287e-08
3.950223e-01 2.263017e+00 2.465037e+00 1.141726e-01 7.842741e+00 6.366064e-03 4.891484e-03 2.377584e-03 6.836430e-04 6.499778e-04 8.680404e-04 8.856137e-04 9.192590e-04 8.842503e-04 8.044669e-04 6.900543e-04 5.762717e-04 4.862626e-04 4.029379e-04 3.347056e-04 2.804686e-04 2.324772e-04 1.996364e-04 1.632042e-04 1.174232e-04 8.160795e-05 4.965364e-05 1.890527e-05 6.115260e-06 1.225275e-06 6.891224e-08
1.017480e+00 3.008161e+00 1.467035e+00 1.168745e-01 7.392007e-01 5.243923e-03 5.556684e-03 2.583489e-03 7.608777e-04 6.584828e-04 8.586223e-04 8.927393e-04 9.298660e-04 8.819421e-04 8.057877e-04 6.901812e-04 5.784253e-04 4.836567e-04 3.997926e-04 3.355318e-04 2.785961e-04 2.348451e-04 1.978717e-04 1.649312e-04 1.156255e-04 8.069729e-05 4.944901e-05 1.914290e-05 6.008341e-06 1.260867e-06 6.796304e-08
1.530501e+00 2.967999e+00 2.340662e+00 1.104706e-01 4.896846e+00 4.230833e-03 5.859898e-03 2.948817e-03 8.852338e-04 6.538700e-04 8.235176e-04 8.825216e-04 9.081962e-04 8.992508e-04 8.063108e-04 6.922912e-04 5.792490e-04 4.850520e-04 3.993985e-04 3.358234e-04 2.768002e-04 2.373439e-04 1.973914e-04 1.644422e-04 1.167483e-04 8.075687e-05 4.908244e-05 1.908671e-05 6.079491e-06 1.247326e-06 6.858953e-08
2.306470e+00 1.623451e+00 1.231732e+00 1.109879e-01 2.533906e+00 2.493448e-03 5.037247e-03 4.031668e-03 1.760687e-03 4.431178e-04 7.328104e-04 8.497886e-04 8.896141e-04 8.825230e-04 8.200120e-04 7.019875e-04 5.839385e-04 4.851702e-04 4.027596e-04 3.352512e-04 2.835656e-04 2.370080e-04 2.001601e-04 1.668788e-04 1.166719e-04 8.136607e-05 4.958599e-05 1.907699e-05 6.010494e-06 1.235037e-06 6.747589e-08
3.852196e-01 1.830980e+00 1.785000e+00 1.246388e-01 3.139972e+00 5.929610e-03 4.969132e-03 2.517330e-03 7.524803e-04 6.264797e-04 8.368741e-04 8.682709e-04 9.241316e-04 8.977628e-04 8.106463e-04 6.808885e-04 5.812635e-04 4.875797e-04 4.014817e-04 3.320574e-04 2.803692e-04 2.340012e-04 1.994484e-04 1.646152e-04 1.170114e-04 8.035345e-05 4.968377e-05 1.916076e-05 6.080569e-06 1.220879e-06 6.882520e-08
8.523275e-01 1.081340e+00 1.241899e+00 1.127091e-01 4.350436e+00 4.434605e-03 5.572147e-03 2.892770e-03 1.026054e-03 5.884234e-04 8.246822e-04 8.653877e-04 9.006217e-04 8.905730e-04 8.043463e-04 6.968084e-04 5.815416e-04 4.921133e-04 4.044565e-04 3.320796e-04 2.813263e-04 2.345977e-04 2.039984e-04 1.655608e-04 1.161076e-04 8.152658e-05 4.958194e-05 1.905931e-05 6.056915e-06 1.224135e-06 7.007329e-08
1.657420e+00 2.028064e+00 1.703425e+00 1.270837e-01 5.585596e+00 3.288193e-03 5.700391e-03 3.449849e-03 1.255396e-03 5.897644e-04 8.141984e-04 8.658442e-04 9.101110e-04 8.773721e-04 8.166586e-04 6.925130e-04 5.882322e-04 4.845423e-04 4.031334e-04 3.342334e-04 2.834054e-04 2.292440e-04 2.026465e-04 1.644309e-04 1.184247e-04 7.927633e-05 4.983885e-05 1.893036e-05 6.146407e-06 1.248699e-06 6.689550e-08
2.099867e+00 1.812724e+00 1.690131e+00 1.188715e-01 7.968552e+00 2.754598e-03 5.359121e-03 3.792385e-03 1.566752e-03 5.139631e-04 7.637192e-04 8.643290e-04 9.119220e-04 8.761390e-04 8.195349e-04 6.948651e-04 5.893828e-04 4.860753e-04 4.004821e-04 3.345767e-04 2.791401e-04 2.376171e-04 2.003986e-04 1.655411e-04 1.158950e-04 8.232691e-05 4.944223e-05 1.911323e-05 5.996312e-06 1.226141e-06 7.012604e-08
5.537652e-01 2.082553e+00 1.540294e+00 1.176691e-01 3.185544e+00 5.910264e-03 5.056434e-03 2.493223e-03 7.976413e-04 6.554383e-04 8.587118e-04 8.916467e-04 9.212269e-04 8.822644e-04 8.053232e-04 6.957259e-04 5.783972e-04 4.803893e-04 3.997264e-04 3.356705e-04 2.814292e-04 2.351125e-04 2.014593e-04 1.629021e-04 1.179605e-04 8.091473e-05 4.930946e-05 1.892528e-05 6.106105e-06 1.244638e-06 6.811829e-08
7.281025e-01 2.910125e+00 2.177689e+00 1.194847e-01 9.838062e+00 6.241264e-03 4.996344e-03 2.418945e-03 6.380794e-04 6.624878e-04 8.645035e-04 9.087920e-04 9.095003e-04 8.899125e-04 7.958614e-04 6.878631e-04 5.846980e-04 4.868542e-04 3.980140e-04 3.245948e-04 2.800776e-04 2.364841e-04 1.995917e-04 1.649857e-04 1.165998e-04 8.034924e-05 4.965412e-05 1.890989e-05 6.025076e-06 1.232867e-06 6.683720e-08
2.023664e+00 1.944270e+00 1.397751e+00 1.109234e-01 3.923295e+00 2.895150e-03 5.373290e-03 3.763086e-03 1.468114e-03 5.412249e-04 7.737384e-04 8.591499e-04 8.960443e-04 8.938670e-04 8.069018e-04 7.032568e-04 5.882358e-04 4.875221e-04 4.042653e-04 3.319797e-04 2.772744e-04 2.363685e-04 1.991238e-04 1.649016e-04 1.178020e-04 8.108293e-05 5.007101e-05 1.878722e-05 6.163286e-06 1.241664e-06 6.797645e-08
1.160858e+00 3.432240e+00 1.339414e+00 1.116102e-01 2.919517e+00 4.927584e-03 5.755170e-03 2.675566e-03 7.442657e-04 6.518272e-04 8.735635e-04 8.829590e-04 9.366081e-04 8.805559e-04 7.989722e-04 6.897526e-04 5.847839e-04 4.823737e-04 3.982894e-04 3.327134e-04 2.748202e-04 2.350060e-04 1.983109e-04 1.657322e-04 1.150254e-04 8.116294e-05 4.942927e-05 1.888430e-05 6.061225e-06 1.209670e-06 6.868909e-08
9.885451e-01 2.978257e+00 1.518938e+00 1.247163e-01 9.458422e+00 5.267609e-03 5.542460e-03 2.559722e-03 7.375505e-04 6.471813e-04 8.626981e-04 8.968284e-04 9.060115e-04 8.778167e-04 8.093892e-04 6.913631e-04 5.770244e-04 4.889215e-04 3.937587e-04 3.319961e-04 2.840815e-04 2.287386e-04 2.015880e-04 1.644824e-04 1.171769e-04 8.072428e-05 4.938492e-05 1.899210e-05 6.124957e-06 1.242334e-06 7.050062e-08
1.212295e+00 6.778538e-01 1.486685e+00 1.233408e-01 4.336599e+00 3.630187e-03 5.641056e-03 3.219454e-03 1.148670e-03 5.725464e-04 7.928880e-04 8.611929e-04 9.010612e-04 8.918676e-04 8.020377e-04 6.940452e-04 5.918313e-04 4.948703e-04 3.984987e-04 3.310798e-04 2.839729e-04 2.323971e-04 2.028632e-04 1.655690e-04 1.166710e-04 8.009219e-05 5.012247e-05 1.892696e-05 6.071703e-06 1.218773e-06 6.793838e-08
1.381101e+00 1.867633e+00 1.720131e+00 1.267118e-01 4.403277e+00 3.773238e-03 5.765362e-03 3.197910e-03 1.021526e-03 5.686115e-04 8.140460e-04 8.841012e-04 9.038240e-04 8.813240e-04 8.122356e-04 6.942416e-04 5.794351e-04 4.893118e-04 4.013594e-04 3.338470e-04 2.776631e-04 2.352339e-04 1.991960e-04 1.653996e-04 1.154265e-04 8.060785e-05 4.970806e-05 1.908408e-05 6.018864e-06 1.233299e-06 6.767693e-08
1.801792e+00 7.964087e-01 1.973429e+00 1.190392e-01 6.009261e+00 3.078926e-03 5.513119e-03 3.605168e-03 1.379187e-03 5.130514e-04 7.695711e-04 8.776731e-04 9.052050e-04 8.809441e-04 8.233512e-04 6.853724e-04 5.892155e-04 4.851673e-04 4.040703e-04 3.366067e-04 2.803723e-04 2.371341e-04 2.007994e-04 1.644744e-04 1.163091e-04 8.253945e-05 4.949063e-05 1.886883e-05 6.229606e-06 1.234207e-06 6.838695e-08
1.763292e+00 2.408137e+00 1.190427e+00 1.284229e-01 2.458644e+00 3.142544e-03 5.654267e-03 3.553775e-03 1.321644e-03 5.515274e-04 7.988617e-04 8.763655e-04 9.250056e-04 8.877523e-04 8.098684e-04 6.870297e-04 5.817026e-04 4.878494e-04 4.005454e-04 3.371790e-04 2.775901e-04 2.346945e-04 2.007551e-04 1.668251e-04 1.148469e-04 8.143447e-05 4.901890e-05 1.910226e-05 6.066583e-06 1.233968e-06 7.078823e-08
1.711105e+00 1.038668e+00 1.921815e+00 1.180953e-01 8.669655e-01 3.195599e-03 5.538549e-03 3.554413e-03 1.290711e-03 5.691130e-04 7.658050e-04 8.848458e-04 9.062827e-04 8.975894e-04 7.947780e-04 6.983430e-04 5.838135e-04 4.909422e-04 3.929955e-04 3.368205e-04 2.826238e-04 2.367019e-04 2.006609e-04 1.648816e-04 1.169666e-04 8.109244e-05 4.981186e-05 1.899758e-05 6.069619e-06 1.229888e-06 6.945074e-08
1.863866e+00 2.033897e+00 2.126721e+00 1.210904e-01 9.753201e+00 3.171699e-03 5.576224e-03 3.608568e-03 1.273624e-03 5.598911e-04 8.020759e-04 8.657134e-04 9.161837e-04 8.654838e-04 8.134183e-04 6.941871e-04 5.892905e-04 4.809448e-04 4.030580e-04 3.350669e-04 2.833565e-04 2.345744e-04 2.009827e-04 1.628418e-04 1.175379e-04 8.187286e-05 4.968784e-05 1.893023e-05 6.071331e-06 1.231188e-06 6.872946e-08
1.860976e+00 1.150342e+00 1.924077e+00 1.198525e-01 2.328465e+00 2.968616e-03 5.539268e-03 3.612654e-03 1.447570e-03 5.331642e-04 7.804275e-04 8.723329e-04 8.984127e-04 8.962424e-04 8.060605e-04 7.002328e-04 5.862097e-04 4.902812e-04 4.040606e-04 3.317622e-04 2.800233e-04 2.326490e-04 2.021428e-04 1.641567e-04 1.183149e-04 8.037898e-05 4.941404e-05 1.898292e-05 6.108209e-06 1.228353e-06 6.882338e-08
2.238604e+00 2.807396e+00 1.623768e+00 1.175797e-01 6.232799e+00 2.669446e-03 5.312482e-03 3.866365e-03 1.592229e-03 4.676076e-04 7.690923e-04 8.786970e-04 8.951087e-04 8.754010e-04 8.158784e-04 6.989634e-04 5.819769e-04 4.870004e-04 4.027476e-04 3.304507e-04 2.837224e-04 2.353749e-04 2.024913e-04 1.638070e-04 1.176909e-04 8.114607e-05 4.875013e-05 1.909588e-05 6.005929e-06 1.273276e-06 6.920749e-08
5.892301e-01 2.960634e+00 1.794108e+00 1.193892e-01 7.416153e+00 6.543533e-03 4.865387e-03 2.333440e-03 6.420212e-04 6.687541e-04 8.590888e-04 8.942569e-04 9.201020e-04 8.960407e-04 7.997042e-04 6.898410e-04 5.778823e-04 4.863483e-04 3.991414e-04 3.324961e-04 2.814659e-04 2.309300e-04 2.000495e-04 1.670854e-04 1.165349e-04 8.045870e-05 4.932082e-05 1.879956e-05 6.203336e-06 1.218955e-06 6.835750e-08
2.492470e+00 1.027570e+00 1.364941e+00 1.288432e-01 6.868744e+00 2.287170e-03 4.783615e-03 4.009017e-03 1.953496e-03 4.694754e-04 6.859535e-04 8.275049e-04 8.944614e-04 8.897407e-04 8.206894e-04 6.852710e-04 5.885100e-04 4.939525e-04 4.003793e-04 3.399346e-04 2.804590e-04 2.352899e-04 2.017626e-04 1.699044e-04 1.153312e-04 8.206503e-05 4.951298e-05 1.901932e-05 5.985447e-06 1.227051e-06 6.695309e-08
2.289283e+00 1.002308e+00 1.512285e+00 1.174564e-01 8.561182e+00 2.506746e-03 5.096230e-03 4.016237e-03 1.676978e-03 4.965695e-04 7.295814e-04 8.677643e-04 8.836775e-04 8.820034e-04 8.201597e-04 6.939946e-04 5.856213e-04 4.862303e-04 4.100192e-04 3.333787e-04 2.853878e-04 2.333220e-04 2.007925e-04 1.652981e-04 1.161825e-04 8.205395e-05 4.936213e-05 1.906211e-05 6.050349e-06 1.254419e-06 6.893673e-08
4.480081e-01 3.371298e+00 2.080819e+00 1.200044e-01 3.874472e-02 7.113228e-03 4.605447e-03 2.186560e-03 5.538599e-04 6.980490e-04 8.972144e-04 8.999887e-04 9.096118e-04 8.580025e-04 8.081666e-04 6.922717e-04 5.759112e-04 4.812296e-04 3.985582e-04 3.347688e-04 2.805020e-04 2.297295e-04 2.016932e-04 1.642146e-04 1.152697e-04 8.023529e-05 5.001006e-05 1.896014e-05 6.011526e-06 1.245666e-06 6.670123e-08
1.432075e+00 2.625686e+00 1.476681e+00 1.133790e-01 7.921640e+00 4.017353e-03 5.790817e-03 3.114860e-03 9.130764e-04 6.199986e-04 8.451495e-04 8.733863e-04 9.135560e-04 8.800180e-04 8.063763e-04 6.924331e-04 5.800499e-04 4.903651e-04 4.013572e-04 3.327645e-04 2.788552e-04 2.342571e-04 2.006954e-04 1.636894e-04 1.163210e-04 8.081227e-05 4.978015e-05 1.887444e-05 6.150830e-06 1.267805e-06 6.590528e-08
6.600494e-01 1.482659e+00 1.862717e+00 1.164495e-01 1.143119e+00 5.128349e-03 5.325243e-03 2.691201e-03 8.802074e-04 6.180879e-04 8.186156e-04 8.930936e-04 9.186576e-04 8.831775e-04 8.048149e-04 6.932862e-04 5.793138e-04 4.863805e-04 4.027264e-04 3.353273e-04 2.814957e-04 2.306410e-04 2.065568e-04 1.643216e-04 1.154371e-04 8.116599e-05 4.934031e-05 1.914757e-05 6.041504e-06 1.241198e-06 6.830576e-08
7.945924e-01 7.962586e-01 1.353214e+00 1.178803e-01 3.589408e+00 4.398431e-03 5.458996e-03 2.905067e-03 9.900096e-04 5.731214e-04 7.964631e-04 8.526063e-04 9.112876e-04 8.834241e-04 8.171311e-04 6.938432e-04 5.874285e-04 4.825109e-04 4.048227e-04 3.346780e-04 2.814093e-04 2.362821e-04 2.008241e-04 1.644688e-04 1.169573e-04 8.101519e-05 4.968447e-05 1.896852e-05 6.069258e-06 1.251897e-06 6.834997e-08
